,count,quantiles.0.5,quantiles.0.9,quantiles.0.99,sum,labels.type,quantiles.0,quantiles.0.01,quantiles.0.1,quantiles.0.25,quantiles.0.75,quantiles.1,help,name,type,ColdStart,ExpLabel,Timestamp
0,112,30777,50993,66185,3.844996e+06,,,,,,,,Statistics of scheduler evaluations,workflows_scheduler_eval_time,SUMMARY,1000000000,policy-warm-mz-lru-warm,2019-11-09 13:52:06.208526783
1,46,2.56289368e+08,4.56322642e+08,,1.1380379991e+10,queued,1.6552549e+07,1.6552549e+07,5.6309113e+07,1.16733055e+08,3.5635999e+08,4.56531256e+08,Duration of an invocation in various states.,invocation_monitor_time,SUMMARY,1000000000,policy-warm-mz-lru-warm,2019-11-09 13:52:06.208526783
2,155,29926,50629,71104,5.118708e+06,,,,,,,,Statistics of scheduler evaluations,workflows_scheduler_eval_time,SUMMARY,1000000000,policy-warm-mz-lru-warm,2019-11-09 13:52:09.208549867
3,60,2.56272095e+08,4.39703121e+08,,1.4612544986e+10,queued,1.6538289e+07,1.6538289e+07,5.6309113e+07,1.16703577e+08,3.5635999e+08,4.56531256e+08,Duration of an invocation in various states.,invocation_monitor_time,SUMMARY,1000000000,policy-warm-mz-lru-warm,2019-11-09 13:52:09.208549867
4,6,4.223343123e+09,5.325484617e+09,,2.8270682519e+10,running,4.023637217e+09,4.023637217e+09,4.023637217e+09,4.023637217e+09,5.124297224e+09,5.448583795e+09,Duration of an invocation in various states.,invocation_monitor_time,SUMMARY,1000000000,policy-warm-mz-lru-warm,2019-11-09 13:52:09.208549867
5,179,29610,50826,71978,5.895116e+06,,,,,,,,Statistics of scheduler evaluations,workflows_scheduler_eval_time,SUMMARY,1000000000,policy-warm-mz-lru-warm,2019-11-09 13:52:12.208555307
6,60,2.56272095e+08,4.39703121e+08,,1.4612544986e+10,queued,1.6538289e+07,1.6538289e+07,5.6309113e+07,1.16703577e+08,3.5635999e+08,4.56531256e+08,Duration of an invocation in various states.,invocation_monitor_time,SUMMARY,1000000000,policy-warm-mz-lru-warm,2019-11-09 13:52:12.208555307
7,18,5.327503034e+09,6.32766845e+09,,9.6573530263e+10,running,4.023637217e+09,4.023637217e+09,4.023637217e+09,4.423345022e+09,6.128314654e+09,6.424672111e+09,Duration of an invocation in various states.,invocation_monitor_time,SUMMARY,1000000000,policy-warm-mz-lru-warm,2019-11-09 13:52:12.208555307
8,180,29610,50826,71978,5.921426e+06,,,,,,,,Statistics of scheduler evaluations,workflows_scheduler_eval_time,SUMMARY,1000000000,policy-warm-mz-lru-warm,2019-11-09 13:52:15.208548565
9,60,2.56272095e+08,4.39703121e+08,,1.4612544986e+10,queued,1.6538289e+07,1.6538289e+07,5.6309113e+07,1.16703577e+08,3.5635999e+08,4.56531256e+08,Duration of an invocation in various states.,invocation_monitor_time,SUMMARY,1000000000,policy-warm-mz-lru-warm,2019-11-09 13:52:15.208548565
10,30,5.424250023e+09,6.332981873e+09,,1.65217910943e+11,running,4.023637217e+09,4.023637217e+09,4.223343123e+09,5.023649037e+09,6.223266431e+09,6.424672111e+09,Duration of an invocation in various states.,invocation_monitor_time,SUMMARY,1000000000,policy-warm-mz-lru-warm,2019-11-09 13:52:15.208548565
11,289,30156,52169,71978,9.655504e+06,,,,,,,,Statistics of scheduler evaluations,workflows_scheduler_eval_time,SUMMARY,2000000000,policy-warm-mz-lru-warm,2019-11-09 13:52:36.726670958
12,106,2.44045894e+08,4.44071611e+08,,2.5596825923e+10,queued,1.5881035e+07,1.5881035e+07,4.4028199e+07,1.16609393e+08,3.56216947e+08,4.56531256e+08,Duration of an invocation in various states.,invocation_monitor_time,SUMMARY,2000000000,policy-warm-mz-lru-warm,2019-11-09 13:52:36.726670958
13,320,30156,50993,71104,1.0647111e+07,,,,,,,,Statistics of scheduler evaluations,workflows_scheduler_eval_time,SUMMARY,2000000000,policy-warm-mz-lru-warm,2019-11-09 13:52:39.726628634
14,120,2.44009621e+08,4.39703121e+08,,2.8720442492e+10,queued,1.5881035e+07,1.5881035e+07,4.3970552e+07,1.16590819e+08,3.56216947e+08,4.56531256e+08,Duration of an invocation in various states.,invocation_monitor_time,SUMMARY,2000000000,policy-warm-mz-lru-warm,2019-11-09 13:52:39.726628634
15,1,5.423968457e+09,5.423968457e+09,,5.423968457e+09,running,5.423968457e+09,5.423968457e+09,5.423968457e+09,5.423968457e+09,5.423968457e+09,5.423968457e+09,Duration of an invocation in various states.,invocation_monitor_time,SUMMARY,2000000000,policy-warm-mz-lru-warm,2019-11-09 13:52:39.726628634
16,349,29720,50709,71104,1.149151e+07,,,,,,,,Statistics of scheduler evaluations,workflows_scheduler_eval_time,SUMMARY,2000000000,policy-warm-mz-lru-warm,2019-11-09 13:52:42.726663326
17,120,2.44009621e+08,4.39703121e+08,,2.8720442492e+10,queued,1.5881035e+07,1.5881035e+07,4.3970552e+07,1.16590819e+08,3.56216947e+08,4.56531256e+08,Duration of an invocation in various states.,invocation_monitor_time,SUMMARY,2000000000,policy-warm-mz-lru-warm,2019-11-09 13:52:42.726663326
18,8,5.423968457e+09,7.229098391e+09,,4.9708777607e+10,running,5.022697625e+09,5.022697625e+09,5.022697625e+09,5.222773164e+09,7.123847833e+09,7.434184317e+09,Duration of an invocation in various states.,invocation_monitor_time,SUMMARY,2000000000,policy-warm-mz-lru-warm,2019-11-09 13:52:42.726663326
19,360,29610,50629,71104,1.1792641e+07,,,,,,,,Statistics of scheduler evaluations,workflows_scheduler_eval_time,SUMMARY,2000000000,policy-warm-mz-lru-warm,2019-11-09 13:52:45.726632407
20,120,2.44009621e+08,4.39703121e+08,,2.8720442492e+10,queued,1.5881035e+07,1.5881035e+07,4.3970552e+07,1.16590819e+08,3.56216947e+08,4.56531256e+08,Duration of an invocation in various states.,invocation_monitor_time,SUMMARY,2000000000,policy-warm-mz-lru-warm,2019-11-09 13:52:45.726632407
21,20,7.223825604e+09,9.32753476e+09,,1.52210949907e+11,running,5.022697625e+09,5.022697625e+09,5.222773164e+09,7.023177111e+09,9.127009553e+09,9.425124933e+09,Duration of an invocation in various states.,invocation_monitor_time,SUMMARY,2000000000,policy-warm-mz-lru-warm,2019-11-09 13:52:45.726632407
22,360,29610,50629,71104,1.1792641e+07,,,,,,,,Statistics of scheduler evaluations,workflows_scheduler_eval_time,SUMMARY,2000000000,policy-warm-mz-lru-warm,2019-11-09 13:52:48.726686336
23,120,2.44009621e+08,4.39703121e+08,,2.8720442492e+10,queued,1.5881035e+07,1.5881035e+07,4.3970552e+07,1.16590819e+08,3.56216947e+08,4.56531256e+08,Duration of an invocation in various states.,invocation_monitor_time,SUMMARY,2000000000,policy-warm-mz-lru-warm,2019-11-09 13:52:48.726686336
24,30,9.023776374e+09,9.423791253e+09,,2.41081825087e+11,running,5.022697625e+09,5.022697625e+09,5.223040843e+09,7.024505139e+09,9.32753476e+09,9.425124933e+09,Duration of an invocation in various states.,invocation_monitor_time,SUMMARY,2000000000,policy-warm-mz-lru-warm,2019-11-09 13:52:48.726686336
25,467,30477,52999,91712,1.6015846e+07,,,,,,,,Statistics of scheduler evaluations,workflows_scheduler_eval_time,SUMMARY,3000000000,policy-warm-mz-lru-warm,2019-11-09 13:53:13.238109736
26,166,2.39820755e+08,4.39789336e+08,,3.9553733626e+10,queued,1.5228685e+07,1.5228685e+07,3.9828568e+07,1.16549454e+08,3.44165628e+08,4.56531256e+08,Duration of an invocation in various states.,invocation_monitor_time,SUMMARY,3000000000,policy-warm-mz-lru-warm,2019-11-09 13:53:13.238109736
27,492,30595,52169,91712,1.6891688e+07,,,,,,,,Statistics of scheduler evaluations,workflows_scheduler_eval_time,SUMMARY,3000000000,policy-warm-mz-lru-warm,2019-11-09 13:53:16.238110648
28,180,2.3982057e+08,4.39703121e+08,,4.2766046903e+10,queued,1.5144065e+07,1.5144065e+07,3.9828568e+07,1.1608513e+08,3.44165628e+08,4.56531256e+08,Duration of an invocation in various states.,invocation_monitor_time,SUMMARY,3000000000,policy-warm-mz-lru-warm,2019-11-09 13:53:16.238110648
29,514,31239,54564,93167,1.769296e+07,,,,,,,,Statistics of scheduler evaluations,workflows_scheduler_eval_time,SUMMARY,3000000000,policy-warm-mz-lru-warm,2019-11-09 13:53:19.238096810
30,180,2.3982057e+08,4.39703121e+08,,4.2766046903e+10,queued,1.5144065e+07,1.5144065e+07,3.9828568e+07,1.1608513e+08,3.44165628e+08,4.56531256e+08,Duration of an invocation in various states.,invocation_monitor_time,SUMMARY,3000000000,policy-warm-mz-lru-warm,2019-11-09 13:53:19.238096810
31,531,31239,54461,93167,1.8203566e+07,,,,,,,,Statistics of scheduler evaluations,workflows_scheduler_eval_time,SUMMARY,3000000000,policy-warm-mz-lru-warm,2019-11-09 13:53:22.238098854
32,180,2.3982057e+08,4.39703121e+08,,4.2766046903e+10,queued,1.5144065e+07,1.5144065e+07,3.9828568e+07,1.1608513e+08,3.44165628e+08,4.56531256e+08,Duration of an invocation in various states.,invocation_monitor_time,SUMMARY,3000000000,policy-warm-mz-lru-warm,2019-11-09 13:53:22.238098854
33,6,9.22307006e+09,9.417753549e+09,,5.5540933629e+10,running,9.022035468e+09,9.022035468e+09,9.022035468e+09,9.022035468e+09,9.330527717e+09,9.422445056e+09,Duration of an invocation in various states.,invocation_monitor_time,SUMMARY,3000000000,policy-warm-mz-lru-warm,2019-11-09 13:53:22.238098854
34,540,31239,51422,93167,1.8472671e+07,,,,,,,,Statistics of scheduler evaluations,workflows_scheduler_eval_time,SUMMARY,3000000000,policy-warm-mz-lru-warm,2019-11-09 13:53:25.238095451
35,180,2.3982057e+08,4.39703121e+08,,4.2766046903e+10,queued,1.5144065e+07,1.5144065e+07,3.9828568e+07,1.1608513e+08,3.44165628e+08,4.56531256e+08,Duration of an invocation in various states.,invocation_monitor_time,SUMMARY,3000000000,policy-warm-mz-lru-warm,2019-11-09 13:53:25.238095451
36,20,9.423584569e+09,1.2326316393e+10,,2.14792111659e+11,running,9.022035468e+09,9.022035468e+09,9.022927588e+09,9.22307006e+09,1.2223913426e+10,1.2424593471e+10,Duration of an invocation in various states.,invocation_monitor_time,SUMMARY,3000000000,policy-warm-mz-lru-warm,2019-11-09 13:53:25.238095451
37,540,31239,51422,93167,1.8472671e+07,,,,,,,,Statistics of scheduler evaluations,workflows_scheduler_eval_time,SUMMARY,3000000000,policy-warm-mz-lru-warm,2019-11-09 13:53:28.238091036
38,180,2.3982057e+08,4.39703121e+08,,4.2766046903e+10,queued,1.5144065e+07,1.5144065e+07,3.9828568e+07,1.1608513e+08,3.44165628e+08,4.56531256e+08,Duration of an invocation in various states.,invocation_monitor_time,SUMMARY,3000000000,policy-warm-mz-lru-warm,2019-11-09 13:53:28.238091036
39,30,1.2130970475e+10,1.2332953065e+10,,3.37170247063e+11,running,9.022035468e+09,9.022035468e+09,9.125101779e+09,9.417753549e+09,1.2224575978e+10,1.2424593471e+10,Duration of an invocation in various states.,invocation_monitor_time,SUMMARY,3000000000,policy-warm-mz-lru-warm,2019-11-09 13:53:28.238091036
40,647,31239,51717,93167,2.2276635e+07,,,,,,,,Statistics of scheduler evaluations,workflows_scheduler_eval_time,SUMMARY,4000000000,policy-warm-mz-lru-warm,2019-11-09 13:53:55.251429414
41,226,2.26424546e+08,4.26397673e+08,,5.3169787863e+10,queued,1.4313727e+07,1.4465777e+07,2.640964e+07,1.160405e+08,3.4409976e+08,4.56531256e+08,Duration of an invocation in various states.,invocation_monitor_time,SUMMARY,4000000000,policy-warm-mz-lru-warm,2019-11-09 13:53:55.251429414
42,671,31239,51717,93167,2.3145384e+07,,,,,,,,Statistics of scheduler evaluations,workflows_scheduler_eval_time,SUMMARY,4000000000,policy-warm-mz-lru-warm,2019-11-09 13:53:58.251453435
43,240,2.26410211e+08,4.26241886e+08,,5.6370678693e+10,queued,1.4313727e+07,1.4335102e+07,2.640964e+07,1.16015346e+08,3.4409976e+08,4.56531256e+08,Duration of an invocation in various states.,invocation_monitor_time,SUMMARY,4000000000,policy-warm-mz-lru-warm,2019-11-09 13:53:58.251453435
44,693,31239,51422,93167,2.3812003e+07,,,,,,,,Statistics of scheduler evaluations,workflows_scheduler_eval_time,SUMMARY,4000000000,policy-warm-mz-lru-warm,2019-11-09 13:54:01.251395866
45,240,2.26410211e+08,4.26241886e+08,,5.6370678693e+10,queued,1.4313727e+07,1.4335102e+07,2.640964e+07,1.16015346e+08,3.4409976e+08,4.56531256e+08,Duration of an invocation in various states.,invocation_monitor_time,SUMMARY,4000000000,policy-warm-mz-lru-warm,2019-11-09 13:54:01.251395866
46,1,7.020188358e+09,7.020188358e+09,,7.020188358e+09,running,7.020188358e+09,7.020188358e+09,7.020188358e+09,7.020188358e+09,7.020188358e+09,7.020188358e+09,Duration of an invocation in various states.,invocation_monitor_time,SUMMARY,4000000000,policy-warm-mz-lru-warm,2019-11-09 13:54:01.251395866
47,711,31239,51422,91712,2.4357815e+07,,,,,,,,Statistics of scheduler evaluations,workflows_scheduler_eval_time,SUMMARY,4000000000,policy-warm-mz-lru-warm,2019-11-09 13:54:04.251776088
48,240,2.26410211e+08,4.26241886e+08,,5.6370678693e+10,queued,1.4313727e+07,1.4335102e+07,2.640964e+07,1.16015346e+08,3.4409976e+08,4.56531256e+08,Duration of an invocation in various states.,invocation_monitor_time,SUMMARY,4000000000,policy-warm-mz-lru-warm,2019-11-09 13:54:04.251776088
49,8,1.1123402752e+10,1.1403200145e+10,,7.8156833074e+10,running,7.020188358e+09,7.020188358e+09,7.020188358e+09,7.220461741e+09,1.1323849183e+10,1.1423717653e+10,Duration of an invocation in various states.,invocation_monitor_time,SUMMARY,4000000000,policy-warm-mz-lru-warm,2019-11-09 13:54:04.251776088
50,719,31239,51422,91712,2.4590703e+07,,,,,,,,Statistics of scheduler evaluations,workflows_scheduler_eval_time,SUMMARY,4000000000,policy-warm-mz-lru-warm,2019-11-09 13:54:07.251343936
51,240,2.26410211e+08,4.26241886e+08,,5.6370678693e+10,queued,1.4313727e+07,1.4335102e+07,2.640964e+07,1.16015346e+08,3.4409976e+08,4.56531256e+08,Duration of an invocation in various states.,invocation_monitor_time,SUMMARY,4000000000,policy-warm-mz-lru-warm,2019-11-09 13:54:07.251343936
52,17,1.1126519534e+10,1.1420517704e+10,,1.75269592691e+11,running,7.020188358e+09,7.020188358e+09,7.020188358e+09,7.420759886e+09,1.1324605547e+10,1.1423717653e+10,Duration of an invocation in various states.,invocation_monitor_time,SUMMARY,4000000000,policy-warm-mz-lru-warm,2019-11-09 13:54:07.251343936
53,720,31239,51422,91712,2.4630009e+07,,,,,,,,Statistics of scheduler evaluations,workflows_scheduler_eval_time,SUMMARY,4000000000,policy-warm-mz-lru-warm,2019-11-09 13:54:10.251385051
54,240,2.26410211e+08,4.26241886e+08,,5.6370678693e+10,queued,1.4313727e+07,1.4335102e+07,2.640964e+07,1.16015346e+08,3.4409976e+08,4.56531256e+08,Duration of an invocation in various states.,invocation_monitor_time,SUMMARY,4000000000,policy-warm-mz-lru-warm,2019-11-09 13:54:10.251385051
55,25,1.122231353e+10,1.5022210342e+10,,2.80872596064e+11,running,7.020188358e+09,7.020188358e+09,7.124279731e+09,1.1123402752e+10,1.1420517704e+10,1.533067108e+10,Duration of an invocation in various states.,invocation_monitor_time,SUMMARY,4000000000,policy-warm-mz-lru-warm,2019-11-09 13:54:10.251385051
56,831,31239,51422,87594,2.8556046e+07,,,,,,,,Statistics of scheduler evaluations,workflows_scheduler_eval_time,SUMMARY,5000000000,policy-warm-mz-lru-warm,2019-11-09 13:54:43.755088043
57,285,2.26424546e+08,4.26397673e+08,,6.6394084658e+10,queued,1.3552102e+07,1.3569882e+07,2.6458308e+07,1.15971086e+08,3.43977383e+08,4.56531256e+08,Duration of an invocation in various states.,invocation_monitor_time,SUMMARY,5000000000,policy-warm-mz-lru-warm,2019-11-09 13:54:43.755088043
58,851,31239,51422,87594,2.9373494e+07,,,,,,,,Statistics of scheduler evaluations,workflows_scheduler_eval_time,SUMMARY,5000000000,policy-warm-mz-lru-warm,2019-11-09 13:54:46.755045849
59,300,2.26410211e+08,4.26241886e+08,,6.9596403947e+10,queued,1.3372338e+07,1.3496694e+07,2.640964e+07,1.15444673e+08,3.43977383e+08,4.56531256e+08,Duration of an invocation in various states.,invocation_monitor_time,SUMMARY,5000000000,policy-warm-mz-lru-warm,2019-11-09 13:54:46.755045849
60,1,3.319597183e+09,3.319597183e+09,,3.319597183e+09,running,3.319597183e+09,3.319597183e+09,3.319597183e+09,3.319597183e+09,3.319597183e+09,3.319597183e+09,Duration of an invocation in various states.,invocation_monitor_time,SUMMARY,5000000000,policy-warm-mz-lru-warm,2019-11-09 13:54:46.755045849
61,867,31239,51422,91712,2.9983904e+07,,,,,,,,Statistics of scheduler evaluations,workflows_scheduler_eval_time,SUMMARY,5000000000,policy-warm-mz-lru-warm,2019-11-09 13:54:49.755089747
62,300,2.26410211e+08,4.26241886e+08,,6.9596403947e+10,queued,1.3372338e+07,1.3496694e+07,2.640964e+07,1.15444673e+08,3.43977383e+08,4.56531256e+08,Duration of an invocation in various states.,invocation_monitor_time,SUMMARY,5000000000,policy-warm-mz-lru-warm,2019-11-09 13:54:49.755089747
63,2,3.319597183e+09,3.319597183e+09,,1.1539575198e+10,running,3.319597183e+09,3.319597183e+09,3.319597183e+09,3.319597183e+09,3.319597183e+09,8.219978015e+09,Duration of an invocation in various states.,invocation_monitor_time,SUMMARY,5000000000,policy-warm-mz-lru-warm,2019-11-09 13:54:49.755089747
64,883,31239,51422,91712,3.0487404e+07,,,,,,,,Statistics of scheduler evaluations,workflows_scheduler_eval_time,SUMMARY,5000000000,policy-warm-mz-lru-warm,2019-11-09 13:54:52.755068420
65,300,2.26410211e+08,4.26241886e+08,,6.9596403947e+10,queued,1.3372338e+07,1.3496694e+07,2.640964e+07,1.15444673e+08,3.43977383e+08,4.56531256e+08,Duration of an invocation in various states.,invocation_monitor_time,SUMMARY,5000000000,policy-warm-mz-lru-warm,2019-11-09 13:54:52.755068420
66,4,8.121565125e+09,8.219978015e+09,,2.7982872754e+10,running,3.319597183e+09,3.319597183e+09,3.319597183e+09,3.319597183e+09,8.219978015e+09,8.321732431e+09,Duration of an invocation in various states.,invocation_monitor_time,SUMMARY,5000000000,policy-warm-mz-lru-warm,2019-11-09 13:54:52.755068420
67,891,31239,51422,91712,3.0780355e+07,,,,,,,,Statistics of scheduler evaluations,workflows_scheduler_eval_time,SUMMARY,5000000000,policy-warm-mz-lru-warm,2019-11-09 13:54:55.755078548
68,300,2.26410211e+08,4.26241886e+08,,6.9596403947e+10,queued,1.3372338e+07,1.3496694e+07,2.640964e+07,1.15444673e+08,3.43977383e+08,4.56531256e+08,Duration of an invocation in various states.,invocation_monitor_time,SUMMARY,5000000000,policy-warm-mz-lru-warm,2019-11-09 13:54:55.755078548
69,11,8.321732431e+09,1.3123819852e+10,,1.10337786348e+11,running,3.319597183e+09,3.319597183e+09,3.319597183e+09,8.121565125e+09,1.3022404965e+10,1.3420855366e+10,Duration of an invocation in various states.,invocation_monitor_time,SUMMARY,5000000000,policy-warm-mz-lru-warm,2019-11-09 13:54:55.755078548
70,900,31239,51422,87594,3.1099278e+07,,,,,,,,Statistics of scheduler evaluations,workflows_scheduler_eval_time,SUMMARY,5000000000,policy-warm-mz-lru-warm,2019-11-09 13:54:58.755104704
71,300,2.26410211e+08,4.26241886e+08,,6.9596403947e+10,queued,1.3372338e+07,1.3496694e+07,2.640964e+07,1.15444673e+08,3.43977383e+08,4.56531256e+08,Duration of an invocation in various states.,invocation_monitor_time,SUMMARY,5000000000,policy-warm-mz-lru-warm,2019-11-09 13:54:58.755104704
72,16,1.3021257907e+10,1.3222833283e+10,,1.76246137481e+11,running,3.319597183e+09,3.319597183e+09,3.319597183e+09,8.219978015e+09,1.3220583954e+10,1.3421604411e+10,Duration of an invocation in various states.,invocation_monitor_time,SUMMARY,5000000000,policy-warm-mz-lru-warm,2019-11-09 13:54:58.755104704
73,900,31239,51422,87594,3.1099278e+07,,,,,,,,Statistics of scheduler evaluations,workflows_scheduler_eval_time,SUMMARY,5000000000,policy-warm-mz-lru-warm,2019-11-09 13:55:01.755069477
74,300,2.26410211e+08,4.26241886e+08,,6.9596403947e+10,queued,1.3372338e+07,1.3496694e+07,2.640964e+07,1.15444673e+08,3.43977383e+08,4.56531256e+08,Duration of an invocation in various states.,invocation_monitor_time,SUMMARY,5000000000,policy-warm-mz-lru-warm,2019-11-09 13:55:01.755069477
75,21,1.3022404965e+10,1.8225120492e+10,,2.67753753769e+11,running,3.319597183e+09,3.319597183e+09,8.121565125e+09,8.321732431e+09,1.3420855366e+10,1.8425271197e+10,Duration of an invocation in various states.,invocation_monitor_time,SUMMARY,5000000000,policy-warm-mz-lru-warm,2019-11-09 13:55:01.755069477
76,1009,31573,51422,87594,3.5310049e+07,,,,,,,,Statistics of scheduler evaluations,workflows_scheduler_eval_time,SUMMARY,6000000000,policy-warm-mz-lru-warm,2019-11-09 13:55:37.665869609
77,346,2.2175333e+08,4.2175884e+08,,7.9915378745e+10,queued,1.2636053e+07,1.2694354e+07,2.1704749e+07,1.15352088e+08,3.39855527e+08,4.78208328e+08,Duration of an invocation in various states.,invocation_monitor_time,SUMMARY,6000000000,policy-warm-mz-lru-warm,2019-11-09 13:55:37.665869609
78,1025,31573,51422,87594,3.596475e+07,,,,,,,,Statistics of scheduler evaluations,workflows_scheduler_eval_time,SUMMARY,6000000000,policy-warm-mz-lru-warm,2019-11-09 13:55:40.665912452
79,360,2.21732668e+08,4.2172592e+08,,8.2991160928e+10,queued,1.2492764e+07,1.2563362e+07,2.1668328e+07,1.15212238e+08,3.39855527e+08,4.78208328e+08,Duration of an invocation in various states.,invocation_monitor_time,SUMMARY,6000000000,policy-warm-mz-lru-warm,2019-11-09 13:55:40.665912452
80,1039,31573,51422,87594,3.6411548e+07,,,,,,,,Statistics of scheduler evaluations,workflows_scheduler_eval_time,SUMMARY,6000000000,policy-warm-mz-lru-warm,2019-11-09 13:55:43.665917564
81,360,2.21732668e+08,4.2172592e+08,,8.2991160928e+10,queued,1.2492764e+07,1.2563362e+07,2.1668328e+07,1.15212238e+08,3.39855527e+08,4.78208328e+08,Duration of an invocation in various states.,invocation_monitor_time,SUMMARY,6000000000,policy-warm-mz-lru-warm,2019-11-09 13:55:43.665917564
82,1057,31573,51422,87594,3.7068505e+07,,,,,,,,Statistics of scheduler evaluations,workflows_scheduler_eval_time,SUMMARY,6000000000,policy-warm-mz-lru-warm,2019-11-09 13:55:46.665900498
83,360,2.21732668e+08,4.2172592e+08,,8.2991160928e+10,queued,1.2492764e+07,1.2563362e+07,2.1668328e+07,1.15212238e+08,3.39855527e+08,4.78208328e+08,Duration of an invocation in various states.,invocation_monitor_time,SUMMARY,6000000000,policy-warm-mz-lru-warm,2019-11-09 13:55:46.665900498
84,3,9.219433423e+09,9.221719713e+09,,2.7762875638e+10,running,9.219433423e+09,9.219433423e+09,9.219433423e+09,9.219433423e+09,9.221719713e+09,9.321722502e+09,Duration of an invocation in various states.,invocation_monitor_time,SUMMARY,6000000000,policy-warm-mz-lru-warm,2019-11-09 13:55:46.665900498
85,1063,31573,51422,87594,3.7260417e+07,,,,,,,,Statistics of scheduler evaluations,workflows_scheduler_eval_time,SUMMARY,6000000000,policy-warm-mz-lru-warm,2019-11-09 13:55:49.665921340
86,360,2.21732668e+08,4.2172592e+08,,8.2991160928e+10,queued,1.2492764e+07,1.2563362e+07,2.1668328e+07,1.15212238e+08,3.39855527e+08,4.78208328e+08,Duration of an invocation in various states.,invocation_monitor_time,SUMMARY,6000000000,policy-warm-mz-lru-warm,2019-11-09 13:55:49.665921340
87,5,9.219433423e+09,9.321722502e+09,,4.6306853839e+10,running,9.122405188e+09,9.122405188e+09,9.122405188e+09,9.122405188e+09,9.221719713e+09,9.421573013e+09,Duration of an invocation in various states.,invocation_monitor_time,SUMMARY,6000000000,policy-warm-mz-lru-warm,2019-11-09 13:55:49.665921340
88,1073,31573,51422,87594,3.7598457e+07,,,,,,,,Statistics of scheduler evaluations,workflows_scheduler_eval_time,SUMMARY,6000000000,policy-warm-mz-lru-warm,2019-11-09 13:55:52.665862835
89,360,2.21732668e+08,4.2172592e+08,,8.2991160928e+10,queued,1.2492764e+07,1.2563362e+07,2.1668328e+07,1.15212238e+08,3.39855527e+08,4.78208328e+08,Duration of an invocation in various states.,invocation_monitor_time,SUMMARY,6000000000,policy-warm-mz-lru-warm,2019-11-09 13:55:52.665862835
90,11,9.421573013e+09,1.5328107439e+10,,1.37908833469e+11,running,9.122405188e+09,9.122405188e+09,9.122405188e+09,9.219433423e+09,1.5323469014e+10,1.5487742396e+10,Duration of an invocation in various states.,invocation_monitor_time,SUMMARY,6000000000,policy-warm-mz-lru-warm,2019-11-09 13:55:52.665862835
91,1080,31573,51422,87594,3.7834207e+07,,,,,,,,Statistics of scheduler evaluations,workflows_scheduler_eval_time,SUMMARY,6000000000,policy-warm-mz-lru-warm,2019-11-09 13:55:55.665903319
92,360,2.21732668e+08,4.2172592e+08,,8.2991160928e+10,queued,1.2492764e+07,1.2563362e+07,2.1668328e+07,1.15212238e+08,3.39855527e+08,4.78208328e+08,Duration of an invocation in various states.,invocation_monitor_time,SUMMARY,6000000000,policy-warm-mz-lru-warm,2019-11-09 13:55:55.665903319
93,15,1.5020465574e+10,1.5419829592e+10,,1.98592646392e+11,running,9.122405188e+09,9.122405188e+09,9.122405188e+09,9.221719713e+09,1.5323469014e+10,1.5487742396e+10,Duration of an invocation in various states.,invocation_monitor_time,SUMMARY,6000000000,policy-warm-mz-lru-warm,2019-11-09 13:55:55.665903319
94,1080,31573,51422,87594,3.7834207e+07,,,,,,,,Statistics of scheduler evaluations,workflows_scheduler_eval_time,SUMMARY,6000000000,policy-warm-mz-lru-warm,2019-11-09 13:55:58.665896248
95,360,2.21732668e+08,4.2172592e+08,,8.2991160928e+10,queued,1.2492764e+07,1.2563362e+07,2.1668328e+07,1.15212238e+08,3.39855527e+08,4.78208328e+08,Duration of an invocation in various states.,invocation_monitor_time,SUMMARY,6000000000,policy-warm-mz-lru-warm,2019-11-09 13:55:58.665896248
96,22,1.5323469014e+10,2.1129756905e+10,,3.47073881331e+11,running,9.122405188e+09,9.122405188e+09,9.219433423e+09,9.421573013e+09,2.1024940487e+10,2.1423214704e+10,Duration of an invocation in various states.,invocation_monitor_time,SUMMARY,6000000000,policy-warm-mz-lru-warm,2019-11-09 13:55:58.665896248
97,1080,31573,51422,87594,3.7834207e+07,,,,,,,,Statistics of scheduler evaluations,workflows_scheduler_eval_time,SUMMARY,6000000000,policy-warm-mz-lru-warm,2019-11-09 13:56:01.665897189
98,360,2.21732668e+08,4.2172592e+08,,8.2991160928e+10,queued,1.2492764e+07,1.2563362e+07,2.1668328e+07,1.15212238e+08,3.39855527e+08,4.78208328e+08,Duration of an invocation in various states.,invocation_monitor_time,SUMMARY,6000000000,policy-warm-mz-lru-warm,2019-11-09 13:56:01.665897189
99,30,1.5487742396e+10,2.1329180229e+10,,5.17075402442e+11,running,9.122405188e+09,9.122405188e+09,9.221719713e+09,1.5020465574e+10,2.1221213638e+10,2.1423214704e+10,Duration of an invocation in various states.,invocation_monitor_time,SUMMARY,6000000000,policy-warm-mz-lru-warm,2019-11-09 13:56:01.665897189
100,1187,31573,51422,87594,4.176519e+07,,,,,,,,Statistics of scheduler evaluations,workflows_scheduler_eval_time,SUMMARY,7000000000,policy-warm-mz-lru-warm,2019-11-09 13:56:38.192766844
101,406,2.26310906e+08,4.21764643e+08,,9.5488724684e+10,queued,1.163275e+07,1.2492764e+07,2.1704749e+07,1.15181416e+08,3.44084221e+08,4.95903165e+08,Duration of an invocation in various states.,invocation_monitor_time,SUMMARY,7000000000,policy-warm-mz-lru-warm,2019-11-09 13:56:38.192766844
102,1202,31573,51422,87594,4.2340008e+07,,,,,,,,Statistics of scheduler evaluations,workflows_scheduler_eval_time,SUMMARY,7000000000,policy-warm-mz-lru-warm,2019-11-09 13:56:41.192741231
103,420,2.2175333e+08,4.2175884e+08,,9.8651890954e+10,queued,1.163275e+07,1.1671164e+07,2.1704749e+07,1.1517423e+08,3.44084221e+08,4.95903165e+08,Duration of an invocation in various states.,invocation_monitor_time,SUMMARY,7000000000,policy-warm-mz-lru-warm,2019-11-09 13:56:41.192741231
104,1208,31573,51422,87594,4.2580158e+07,,,,,,,,Statistics of scheduler evaluations,workflows_scheduler_eval_time,SUMMARY,7000000000,policy-warm-mz-lru-warm,2019-11-09 13:56:44.192768109
105,420,2.2175333e+08,4.2175884e+08,,9.8651890954e+10,queued,1.163275e+07,1.1671164e+07,2.1704749e+07,1.1517423e+08,3.44084221e+08,4.95903165e+08,Duration of an invocation in various states.,invocation_monitor_time,SUMMARY,7000000000,policy-warm-mz-lru-warm,2019-11-09 13:56:44.192768109
106,1224,31573,51422,87594,4.3102681e+07,,,,,,,,Statistics of scheduler evaluations,workflows_scheduler_eval_time,SUMMARY,7000000000,policy-warm-mz-lru-warm,2019-11-09 13:56:47.192767645
107,420,2.2175333e+08,4.2175884e+08,,9.8651890954e+10,queued,1.163275e+07,1.1671164e+07,2.1704749e+07,1.1517423e+08,3.44084221e+08,4.95903165e+08,Duration of an invocation in various states.,invocation_monitor_time,SUMMARY,7000000000,policy-warm-mz-lru-warm,2019-11-09 13:56:47.192767645
108,1238,31573,51422,87594,4.3547986e+07,,,,,,,,Statistics of scheduler evaluations,workflows_scheduler_eval_time,SUMMARY,7000000000,policy-warm-mz-lru-warm,2019-11-09 13:56:50.192763146
109,420,2.2175333e+08,4.2175884e+08,,9.8651890954e+10,queued,1.163275e+07,1.1671164e+07,2.1704749e+07,1.1517423e+08,3.44084221e+08,4.95903165e+08,Duration of an invocation in various states.,invocation_monitor_time,SUMMARY,7000000000,policy-warm-mz-lru-warm,2019-11-09 13:56:50.192763146
110,1248,31573,51422,87594,4.3832437e+07,,,,,,,,Statistics of scheduler evaluations,workflows_scheduler_eval_time,SUMMARY,7000000000,policy-warm-mz-lru-warm,2019-11-09 13:56:53.192739682
111,420,2.2175333e+08,4.2175884e+08,,9.8651890954e+10,queued,1.163275e+07,1.1671164e+07,2.1704749e+07,1.1517423e+08,3.44084221e+08,4.95903165e+08,Duration of an invocation in various states.,invocation_monitor_time,SUMMARY,7000000000,policy-warm-mz-lru-warm,2019-11-09 13:56:53.192739682
112,3,1.7018764276e+10,1.7219828321e+10,,5.1563054109e+10,running,1.7018764276e+10,1.7018764276e+10,1.7018764276e+10,1.7018764276e+10,1.7219828321e+10,1.7324461512e+10,Duration of an invocation in various states.,invocation_monitor_time,SUMMARY,7000000000,policy-warm-mz-lru-warm,2019-11-09 13:56:53.192739682
113,1258,31573,51422,87594,4.4182946e+07,,,,,,,,Statistics of scheduler evaluations,workflows_scheduler_eval_time,SUMMARY,7000000000,policy-warm-mz-lru-warm,2019-11-09 13:56:56.192721771
114,420,2.2175333e+08,4.2175884e+08,,9.8651890954e+10,queued,1.163275e+07,1.1671164e+07,2.1704749e+07,1.1517423e+08,3.44084221e+08,4.95903165e+08,Duration of an invocation in various states.,invocation_monitor_time,SUMMARY,7000000000,policy-warm-mz-lru-warm,2019-11-09 13:56:56.192721771
115,9,1.7219561248e+10,1.7324461512e+10,,1.5489667762e+11,running,1.7018764276e+10,1.7018764276e+10,1.7018764276e+10,1.7020132133e+10,1.7220426945e+10,1.7426304651e+10,Duration of an invocation in various states.,invocation_monitor_time,SUMMARY,7000000000,policy-warm-mz-lru-warm,2019-11-09 13:56:56.192721771
116,1260,31573,51422,87594,4.4241434e+07,,,,,,,,Statistics of scheduler evaluations,workflows_scheduler_eval_time,SUMMARY,7000000000,policy-warm-mz-lru-warm,2019-11-09 13:56:59.192732477
117,420,2.2175333e+08,4.2175884e+08,,9.8651890954e+10,queued,1.163275e+07,1.1671164e+07,2.1704749e+07,1.1517423e+08,3.44084221e+08,4.95903165e+08,Duration of an invocation in various states.,invocation_monitor_time,SUMMARY,7000000000,policy-warm-mz-lru-warm,2019-11-09 13:56:59.192732477
118,12,1.7219561248e+10,1.7324461512e+10,,2.06567725312e+11,running,1.7018764276e+10,1.7018764276e+10,1.7018764276e+10,1.7123587261e+10,1.7323400539e+10,1.7426304651e+10,Duration of an invocation in various states.,invocation_monitor_time,SUMMARY,7000000000,policy-warm-mz-lru-warm,2019-11-09 13:56:59.192732477
119,1260,31573,51422,87594,4.4241434e+07,,,,,,,,Statistics of scheduler evaluations,workflows_scheduler_eval_time,SUMMARY,7000000000,policy-warm-mz-lru-warm,2019-11-09 13:57:02.192752902
120,420,2.2175333e+08,4.2175884e+08,,9.8651890954e+10,queued,1.163275e+07,1.1671164e+07,2.1704749e+07,1.1517423e+08,3.44084221e+08,4.95903165e+08,Duration of an invocation in various states.,invocation_monitor_time,SUMMARY,7000000000,policy-warm-mz-lru-warm,2019-11-09 13:57:02.192752902
121,24,1.7426304651e+10,2.4420257368e+10,,4.97599371146e+11,running,1.7018764276e+10,1.7018764276e+10,1.7020132133e+10,1.7219561248e+10,2.4221222724e+10,2.4466356546e+10,Duration of an invocation in various states.,invocation_monitor_time,SUMMARY,7000000000,policy-warm-mz-lru-warm,2019-11-09 13:57:02.192752902
122,1371,31573,51422,87594,4.8273227e+07,,,,,,,,Statistics of scheduler evaluations,workflows_scheduler_eval_time,SUMMARY,8000000000,policy-warm-mz-lru-warm,2019-11-09 13:57:44.692424678
123,466,2.21652111e+08,4.16719518e+08,,1.08324988759e+11,queued,1.796178e+06,1.94228e+06,1.66546e+07,1.14294595e+08,3.43977383e+08,4.95903165e+08,Duration of an invocation in various states.,invocation_monitor_time,SUMMARY,8000000000,policy-warm-mz-lru-warm,2019-11-09 13:57:44.692424678
124,1389,31573,51422,87769,4.8969538e+07,,,,,,,,Statistics of scheduler evaluations,workflows_scheduler_eval_time,SUMMARY,8000000000,policy-warm-mz-lru-warm,2019-11-09 13:57:47.692441714
125,480,2.2162282e+08,4.16602895e+08,,1.11378033298e+11,queued,1.796178e+06,1.94228e+06,1.6555621e+07,1.13665128e+08,3.43977383e+08,4.95903165e+08,Duration of an invocation in various states.,invocation_monitor_time,SUMMARY,8000000000,policy-warm-mz-lru-warm,2019-11-09 13:57:47.692441714
126,1390,31573,51422,87769,4.8994186e+07,,,,,,,,Statistics of scheduler evaluations,workflows_scheduler_eval_time,SUMMARY,8000000000,policy-warm-mz-lru-warm,2019-11-09 13:57:50.692404707
127,480,2.2162282e+08,4.16602895e+08,,1.11378033298e+11,queued,1.796178e+06,1.94228e+06,1.6555621e+07,1.13665128e+08,3.43977383e+08,4.95903165e+08,Duration of an invocation in various states.,invocation_monitor_time,SUMMARY,8000000000,policy-warm-mz-lru-warm,2019-11-09 13:57:50.692404707
128,1405,31573,51422,87594,4.9488389e+07,,,,,,,,Statistics of scheduler evaluations,workflows_scheduler_eval_time,SUMMARY,8000000000,policy-warm-mz-lru-warm,2019-11-09 13:57:53.692407225
129,480,2.2162282e+08,4.16602895e+08,,1.11378033298e+11,queued,1.796178e+06,1.94228e+06,1.6555621e+07,1.13665128e+08,3.43977383e+08,4.95903165e+08,Duration of an invocation in various states.,invocation_monitor_time,SUMMARY,8000000000,policy-warm-mz-lru-warm,2019-11-09 13:57:53.692407225
130,2,1.1118984833e+10,1.1118984833e+10,,2.2336213008e+10,running,1.1118984833e+10,1.1118984833e+10,1.1118984833e+10,1.1118984833e+10,1.1118984833e+10,1.1217228175e+10,Duration of an invocation in various states.,invocation_monitor_time,SUMMARY,8000000000,policy-warm-mz-lru-warm,2019-11-09 13:57:53.692407225
131,1420,31573,51422,87594,5.0021335e+07,,,,,,,,Statistics of scheduler evaluations,workflows_scheduler_eval_time,SUMMARY,8000000000,policy-warm-mz-lru-warm,2019-11-09 13:57:56.692430847
132,480,2.2162282e+08,4.16602895e+08,,1.11378033298e+11,queued,1.796178e+06,1.94228e+06,1.6555621e+07,1.13665128e+08,3.43977383e+08,4.95903165e+08,Duration of an invocation in various states.,invocation_monitor_time,SUMMARY,8000000000,policy-warm-mz-lru-warm,2019-11-09 13:57:56.692430847
133,3,1.1118984833e+10,1.1217228175e+10,,3.3753540017e+10,running,1.1118984833e+10,1.1118984833e+10,1.1118984833e+10,1.1118984833e+10,1.1217228175e+10,1.1417327009e+10,Duration of an invocation in various states.,invocation_monitor_time,SUMMARY,8000000000,policy-warm-mz-lru-warm,2019-11-09 13:57:56.692430847
134,1420,31573,51422,87594,5.0021335e+07,,,,,,,,Statistics of scheduler evaluations,workflows_scheduler_eval_time,SUMMARY,8000000000,policy-warm-mz-lru-warm,2019-11-09 13:57:59.692427934
135,480,2.2162282e+08,4.16602895e+08,,1.11378033298e+11,queued,1.796178e+06,1.94228e+06,1.6555621e+07,1.13665128e+08,3.43977383e+08,4.95903165e+08,Duration of an invocation in various states.,invocation_monitor_time,SUMMARY,8000000000,policy-warm-mz-lru-warm,2019-11-09 13:57:59.692427934
136,4,1.1118984833e+10,1.1217228175e+10,,4.4771605869e+10,running,1.1018065852e+10,1.1018065852e+10,1.1018065852e+10,1.1018065852e+10,1.1217228175e+10,1.1417327009e+10,Duration of an invocation in various states.,invocation_monitor_time,SUMMARY,8000000000,policy-warm-mz-lru-warm,2019-11-09 13:57:59.692427934
137,1430,31573,51422,87594,5.0387968e+07,,,,,,,,Statistics of scheduler evaluations,workflows_scheduler_eval_time,SUMMARY,8000000000,policy-warm-mz-lru-warm,2019-11-09 13:58:02.692416018
138,480,2.2162282e+08,4.16602895e+08,,1.11378033298e+11,queued,1.796178e+06,1.94228e+06,1.6555621e+07,1.13665128e+08,3.43977383e+08,4.95903165e+08,Duration of an invocation in various states.,invocation_monitor_time,SUMMARY,8000000000,policy-warm-mz-lru-warm,2019-11-09 13:58:02.692416018
139,8,1.1417327009e+10,1.9325268332e+10,,1.21859570065e+11,running,1.1018065852e+10,1.1018065852e+10,1.1018065852e+10,1.1118984833e+10,1.932329849e+10,1.9418039948e+10,Duration of an invocation in various states.,invocation_monitor_time,SUMMARY,8000000000,policy-warm-mz-lru-warm,2019-11-09 13:58:02.692416018
140,1440,31573,51422,87594,5.0672612e+07,,,,,,,,Statistics of scheduler evaluations,workflows_scheduler_eval_time,SUMMARY,8000000000,policy-warm-mz-lru-warm,2019-11-09 13:58:05.692399138
141,480,2.2162282e+08,4.16602895e+08,,1.11378033298e+11,queued,1.796178e+06,1.94228e+06,1.6555621e+07,1.13665128e+08,3.43977383e+08,4.95903165e+08,Duration of an invocation in various states.,invocation_monitor_time,SUMMARY,8000000000,policy-warm-mz-lru-warm,2019-11-09 13:58:05.692399138
142,15,1.9123623069e+10,1.9325268332e+10,,2.56505137869e+11,running,1.1018065852e+10,1.1018065852e+10,1.1018065852e+10,1.1217228175e+10,1.932329849e+10,1.9419423342e+10,Duration of an invocation in various states.,invocation_monitor_time,SUMMARY,8000000000,policy-warm-mz-lru-warm,2019-11-09 13:58:05.692399138
143,1440,31573,51422,87594,5.0672612e+07,,,,,,,,Statistics of scheduler evaluations,workflows_scheduler_eval_time,SUMMARY,8000000000,policy-warm-mz-lru-warm,2019-11-09 13:58:08.692424556
144,480,2.2162282e+08,4.16602895e+08,,1.11378033298e+11,queued,1.796178e+06,1.94228e+06,1.6555621e+07,1.13665128e+08,3.43977383e+08,4.95903165e+08,Duration of an invocation in various states.,invocation_monitor_time,SUMMARY,8000000000,policy-warm-mz-lru-warm,2019-11-09 13:58:08.692424556
145,17,1.921910097e+10,1.9418039948e+10,,2.95145528969e+11,running,1.1018065852e+10,1.1018065852e+10,1.1018065852e+10,1.1417327009e+10,1.932329849e+10,1.9420206436e+10,Duration of an invocation in various states.,invocation_monitor_time,SUMMARY,8000000000,policy-warm-mz-lru-warm,2019-11-09 13:58:08.692424556
146,1440,31573,51422,87594,5.0672612e+07,,,,,,,,Statistics of scheduler evaluations,workflows_scheduler_eval_time,SUMMARY,8000000000,policy-warm-mz-lru-warm,2019-11-09 13:58:11.692340216
147,480,2.2162282e+08,4.16602895e+08,,1.11378033298e+11,queued,1.796178e+06,1.94228e+06,1.6555621e+07,1.13665128e+08,3.43977383e+08,4.95903165e+08,Duration of an invocation in various states.,invocation_monitor_time,SUMMARY,8000000000,policy-warm-mz-lru-warm,2019-11-09 13:58:11.692340216
148,25,1.932329849e+10,2.7226392683e+10,,5.12895595894e+11,running,1.1018065852e+10,1.1018065852e+10,1.1118984833e+10,1.9021357426e+10,2.7019775669e+10,2.7467727086e+10,Duration of an invocation in various states.,invocation_monitor_time,SUMMARY,8000000000,policy-warm-mz-lru-warm,2019-11-09 13:58:11.692340216
149,1547,31573,51422,87594,5.451542e+07,,,,,,,,Statistics of scheduler evaluations,workflows_scheduler_eval_time,SUMMARY,9000000000,policy-warm-mz-lru-warm,2019-11-09 13:58:57.196338607
150,526,2.21691164e+08,4.2172592e+08,,1.24001015469e+11,queued,1.796178e+06,1.0125069e+07,2.1572159e+07,1.14294595e+08,3.56142771e+08,5.00916656e+08,Duration of an invocation in various states.,invocation_monitor_time,SUMMARY,9000000000,policy-warm-mz-lru-warm,2019-11-09 13:58:57.196338607
151,1562,31573,51422,87594,5.5180063e+07,,,,,,,,Statistics of scheduler evaluations,workflows_scheduler_eval_time,SUMMARY,9000000000,policy-warm-mz-lru-warm,2019-11-09 13:59:00.196325909
152,540,2.2168725e+08,4.20839986e+08,,1.27142325079e+11,queued,1.796178e+06,1.0125069e+07,1.6662443e+07,1.1359858e+08,3.44165628e+08,5.00916656e+08,Duration of an invocation in various states.,invocation_monitor_time,SUMMARY,9000000000,policy-warm-mz-lru-warm,2019-11-09 13:59:00.196325909
153,1563,31573,51422,87594,5.5221593e+07,,,,,,,,Statistics of scheduler evaluations,workflows_scheduler_eval_time,SUMMARY,9000000000,policy-warm-mz-lru-warm,2019-11-09 13:59:03.196321991
154,540,2.2168725e+08,4.20839986e+08,,1.27142325079e+11,queued,1.796178e+06,1.0125069e+07,1.6662443e+07,1.1359858e+08,3.44165628e+08,5.00916656e+08,Duration of an invocation in various states.,invocation_monitor_time,SUMMARY,9000000000,policy-warm-mz-lru-warm,2019-11-09 13:59:03.196321991
155,1573,31573,51422,87594,5.5575225e+07,,,,,,,,Statistics of scheduler evaluations,workflows_scheduler_eval_time,SUMMARY,9000000000,policy-warm-mz-lru-warm,2019-11-09 13:59:06.196301597
156,540,2.2168725e+08,4.20839986e+08,,1.27142325079e+11,queued,1.796178e+06,1.0125069e+07,1.6662443e+07,1.1359858e+08,3.44165628e+08,5.00916656e+08,Duration of an invocation in various states.,invocation_monitor_time,SUMMARY,9000000000,policy-warm-mz-lru-warm,2019-11-09 13:59:06.196301597
157,1593,31573,51422,87769,5.7198097e+07,,,,,,,,Statistics of scheduler evaluations,workflows_scheduler_eval_time,SUMMARY,9000000000,policy-warm-mz-lru-warm,2019-11-09 13:59:09.196320584
158,540,2.2168725e+08,4.20839986e+08,,1.27142325079e+11,queued,1.796178e+06,1.0125069e+07,1.6662443e+07,1.1359858e+08,3.44165628e+08,5.00916656e+08,Duration of an invocation in various states.,invocation_monitor_time,SUMMARY,9000000000,policy-warm-mz-lru-warm,2019-11-09 13:59:09.196320584
159,1599,31573,51422,87769,5.739751e+07,,,,,,,,Statistics of scheduler evaluations,workflows_scheduler_eval_time,SUMMARY,9000000000,policy-warm-mz-lru-warm,2019-11-09 13:59:12.196311727
160,540,2.2168725e+08,4.20839986e+08,,1.27142325079e+11,queued,1.796178e+06,1.0125069e+07,1.6662443e+07,1.1359858e+08,3.44165628e+08,5.00916656e+08,Duration of an invocation in various states.,invocation_monitor_time,SUMMARY,9000000000,policy-warm-mz-lru-warm,2019-11-09 13:59:12.196311727
161,1605,31573,51422,87769,5.755595e+07,,,,,,,,Statistics of scheduler evaluations,workflows_scheduler_eval_time,SUMMARY,9000000000,policy-warm-mz-lru-warm,2019-11-09 13:59:15.196291685
162,540,2.2168725e+08,4.20839986e+08,,1.27142325079e+11,queued,1.796178e+06,1.0125069e+07,1.6662443e+07,1.1359858e+08,3.44165628e+08,5.00916656e+08,Duration of an invocation in various states.,invocation_monitor_time,SUMMARY,9000000000,policy-warm-mz-lru-warm,2019-11-09 13:59:15.196291685
163,1614,31573,51422,87769,5.8379556e+07,,,,,,,,Statistics of scheduler evaluations,workflows_scheduler_eval_time,SUMMARY,9000000000,policy-warm-mz-lru-warm,2019-11-09 13:59:18.196285860
164,540,2.2168725e+08,4.20839986e+08,,1.27142325079e+11,queued,1.796178e+06,1.0125069e+07,1.6662443e+07,1.1359858e+08,3.44165628e+08,5.00916656e+08,Duration of an invocation in various states.,invocation_monitor_time,SUMMARY,9000000000,policy-warm-mz-lru-warm,2019-11-09 13:59:18.196285860
165,8,2.1122929652e+10,2.1322049621e+10,,1.69366776338e+11,running,2.101762504e+10,2.101762504e+10,2.101762504e+10,2.1018655326e+10,2.1221010374e+10,2.141994559e+10,Duration of an invocation in various states.,invocation_monitor_time,SUMMARY,9000000000,policy-warm-mz-lru-warm,2019-11-09 13:59:18.196285860
166,1620,31573,51422,87769,5.8570991e+07,,,,,,,,Statistics of scheduler evaluations,workflows_scheduler_eval_time,SUMMARY,9000000000,policy-warm-mz-lru-warm,2019-11-09 13:59:21.196341578
167,540,2.2168725e+08,4.20839986e+08,,1.27142325079e+11,queued,1.796178e+06,1.0125069e+07,1.6662443e+07,1.1359858e+08,3.44165628e+08,5.00916656e+08,Duration of an invocation in various states.,invocation_monitor_time,SUMMARY,9000000000,policy-warm-mz-lru-warm,2019-11-09 13:59:21.196341578
168,15,2.1125597684e+10,2.1322539871e+10,,3.17815659823e+11,running,2.101762504e+10,2.101762504e+10,2.101762504e+10,2.1018655326e+10,2.1221010374e+10,2.141994559e+10,Duration of an invocation in various states.,invocation_monitor_time,SUMMARY,9000000000,policy-warm-mz-lru-warm,2019-11-09 13:59:21.196341578
169,1620,31573,51422,87769,5.8570991e+07,,,,,,,,Statistics of scheduler evaluations,workflows_scheduler_eval_time,SUMMARY,9000000000,policy-warm-mz-lru-warm,2019-11-09 13:59:24.196300765
170,540,2.2168725e+08,4.20839986e+08,,1.27142325079e+11,queued,1.796178e+06,1.0125069e+07,1.6662443e+07,1.1359858e+08,3.44165628e+08,5.00916656e+08,Duration of an invocation in various states.,invocation_monitor_time,SUMMARY,9000000000,policy-warm-mz-lru-warm,2019-11-09 13:59:24.196300765
171,15,2.1125597684e+10,2.1322539871e+10,,3.17815659823e+11,running,2.101762504e+10,2.101762504e+10,2.101762504e+10,2.1018655326e+10,2.1221010374e+10,2.141994559e+10,Duration of an invocation in various states.,invocation_monitor_time,SUMMARY,9000000000,policy-warm-mz-lru-warm,2019-11-09 13:59:24.196300765
172,1620,31573,51422,87769,5.8570991e+07,,,,,,,,Statistics of scheduler evaluations,workflows_scheduler_eval_time,SUMMARY,9000000000,policy-warm-mz-lru-warm,2019-11-09 13:59:27.196299130
173,540,2.2168725e+08,4.20839986e+08,,1.27142325079e+11,queued,1.796178e+06,1.0125069e+07,1.6662443e+07,1.1359858e+08,3.44165628e+08,5.00916656e+08,Duration of an invocation in various states.,invocation_monitor_time,SUMMARY,9000000000,policy-warm-mz-lru-warm,2019-11-09 13:59:27.196299130
174,23,2.1221010374e+10,3.0326785659e+10,,5.60232535642e+11,running,2.101762504e+10,2.101762504e+10,2.101843692e+10,2.1122929652e+10,3.021932745e+10,3.0461632032e+10,Duration of an invocation in various states.,invocation_monitor_time,SUMMARY,9000000000,policy-warm-mz-lru-warm,2019-11-09 13:59:27.196299130
175,1727,31443,51422,87769,6.2742803e+07,,,,,,,,Statistics of scheduler evaluations,workflows_scheduler_eval_time,SUMMARY,10000000000,policy-warm-mz-lru-warm,2019-11-09 14:00:15.203577078
176,586,2.21732668e+08,4.2175884e+08,,1.39665660696e+11,queued,1.796178e+06,9.567905e+06,2.1649209e+07,1.1359858e+08,3.56369431e+08,5.00916656e+08,Duration of an invocation in various states.,invocation_monitor_time,SUMMARY,10000000000,policy-warm-mz-lru-warm,2019-11-09 14:00:15.203577078
177,1741,31443,51422,87769,6.3461571e+07,,,,,,,,Statistics of scheduler evaluations,workflows_scheduler_eval_time,SUMMARY,10000000000,policy-warm-mz-lru-warm,2019-11-09 14:00:18.203549777
178,600,2.21691164e+08,4.21648844e+08,,1.42800119685e+11,queued,1.796178e+06,9.481767e+06,2.1572159e+07,1.13475937e+08,3.5635999e+08,5.00916656e+08,Duration of an invocation in various states.,invocation_monitor_time,SUMMARY,10000000000,policy-warm-mz-lru-warm,2019-11-09 14:00:18.203549777
179,1743,31443,51422,87769,6.3524763e+07,,,,,,,,Statistics of scheduler evaluations,workflows_scheduler_eval_time,SUMMARY,10000000000,policy-warm-mz-lru-warm,2019-11-09 14:00:21.203556910
180,600,2.21691164e+08,4.21648844e+08,,1.42800119685e+11,queued,1.796178e+06,9.481767e+06,2.1572159e+07,1.13475937e+08,3.5635999e+08,5.00916656e+08,Duration of an invocation in various states.,invocation_monitor_time,SUMMARY,10000000000,policy-warm-mz-lru-warm,2019-11-09 14:00:21.203556910
181,1749,31443,54075,87769,6.3804651e+07,,,,,,,,Statistics of scheduler evaluations,workflows_scheduler_eval_time,SUMMARY,10000000000,policy-warm-mz-lru-warm,2019-11-09 14:00:24.203585415
182,600,2.21691164e+08,4.21648844e+08,,1.42800119685e+11,queued,1.796178e+06,9.481767e+06,2.1572159e+07,1.13475937e+08,3.5635999e+08,5.00916656e+08,Duration of an invocation in various states.,invocation_monitor_time,SUMMARY,10000000000,policy-warm-mz-lru-warm,2019-11-09 14:00:24.203585415
183,1767,31443,51422,87769,6.4407471e+07,,,,,,,,Statistics of scheduler evaluations,workflows_scheduler_eval_time,SUMMARY,10000000000,policy-warm-mz-lru-warm,2019-11-09 14:00:27.203574125
184,600,2.21691164e+08,4.21648844e+08,,1.42800119685e+11,queued,1.796178e+06,9.481767e+06,2.1572159e+07,1.13475937e+08,3.5635999e+08,5.00916656e+08,Duration of an invocation in various states.,invocation_monitor_time,SUMMARY,10000000000,policy-warm-mz-lru-warm,2019-11-09 14:00:27.203574125
185,1,1.3320375837e+10,1.3320375837e+10,,1.3320375837e+10,running,1.3320375837e+10,1.3320375837e+10,1.3320375837e+10,1.3320375837e+10,1.3320375837e+10,1.3320375837e+10,Duration of an invocation in various states.,invocation_monitor_time,SUMMARY,10000000000,policy-warm-mz-lru-warm,2019-11-09 14:00:27.203574125
186,1777,31443,51422,87769,6.4755954e+07,,,,,,,,Statistics of scheduler evaluations,workflows_scheduler_eval_time,SUMMARY,10000000000,policy-warm-mz-lru-warm,2019-11-09 14:00:30.203549221
187,600,2.21691164e+08,4.21648844e+08,,1.42800119685e+11,queued,1.796178e+06,9.481767e+06,2.1572159e+07,1.13475937e+08,3.5635999e+08,5.00916656e+08,Duration of an invocation in various states.,invocation_monitor_time,SUMMARY,10000000000,policy-warm-mz-lru-warm,2019-11-09 14:00:30.203549221
188,1,1.3320375837e+10,1.3320375837e+10,,1.3320375837e+10,running,1.3320375837e+10,1.3320375837e+10,1.3320375837e+10,1.3320375837e+10,1.3320375837e+10,1.3320375837e+10,Duration of an invocation in various states.,invocation_monitor_time,SUMMARY,10000000000,policy-warm-mz-lru-warm,2019-11-09 14:00:30.203549221
189,1777,31443,51422,87769,6.4755954e+07,,,,,,,,Statistics of scheduler evaluations,workflows_scheduler_eval_time,SUMMARY,10000000000,policy-warm-mz-lru-warm,2019-11-09 14:00:33.203555318
190,600,2.21691164e+08,4.21648844e+08,,1.42800119685e+11,queued,1.796178e+06,9.481767e+06,2.1572159e+07,1.13475937e+08,3.5635999e+08,5.00916656e+08,Duration of an invocation in various states.,invocation_monitor_time,SUMMARY,10000000000,policy-warm-mz-lru-warm,2019-11-09 14:00:33.203555318
191,2,1.3219477541e+10,1.3219477541e+10,,2.6539853378e+10,running,1.3219477541e+10,1.3219477541e+10,1.3219477541e+10,1.3219477541e+10,1.3219477541e+10,1.3320375837e+10,Duration of an invocation in various states.,invocation_monitor_time,SUMMARY,10000000000,policy-warm-mz-lru-warm,2019-11-09 14:00:33.203555318
192,1785,31443,51422,87769,6.4999024e+07,,,,,,,,Statistics of scheduler evaluations,workflows_scheduler_eval_time,SUMMARY,10000000000,policy-warm-mz-lru-warm,2019-11-09 14:00:36.203555782
193,600,2.21691164e+08,4.21648844e+08,,1.42800119685e+11,queued,1.796178e+06,9.481767e+06,2.1572159e+07,1.13475937e+08,3.5635999e+08,5.00916656e+08,Duration of an invocation in various states.,invocation_monitor_time,SUMMARY,10000000000,policy-warm-mz-lru-warm,2019-11-09 14:00:36.203555782
194,2,1.3219477541e+10,1.3219477541e+10,,2.6539853378e+10,running,1.3219477541e+10,1.3219477541e+10,1.3219477541e+10,1.3219477541e+10,1.3219477541e+10,1.3320375837e+10,Duration of an invocation in various states.,invocation_monitor_time,SUMMARY,10000000000,policy-warm-mz-lru-warm,2019-11-09 14:00:36.203555782
195,1797,31443,51422,87769,6.5386887e+07,,,,,,,,Statistics of scheduler evaluations,workflows_scheduler_eval_time,SUMMARY,10000000000,policy-warm-mz-lru-warm,2019-11-09 14:00:39.203570770
196,600,2.21691164e+08,4.21648844e+08,,1.42800119685e+11,queued,1.796178e+06,9.481767e+06,2.1572159e+07,1.13475937e+08,3.5635999e+08,5.00916656e+08,Duration of an invocation in various states.,invocation_monitor_time,SUMMARY,10000000000,policy-warm-mz-lru-warm,2019-11-09 14:00:39.203570770
197,8,2.312689257e+10,2.3325241306e+10,,1.65966804612e+11,running,1.3219477541e+10,1.3219477541e+10,1.3219477541e+10,1.3320375837e+10,2.3323171276e+10,2.3417327143e+10,Duration of an invocation in various states.,invocation_monitor_time,SUMMARY,10000000000,policy-warm-mz-lru-warm,2019-11-09 14:00:39.203570770
198,1800,31443,51422,87594,6.5472334e+07,,,,,,,,Statistics of scheduler evaluations,workflows_scheduler_eval_time,SUMMARY,10000000000,policy-warm-mz-lru-warm,2019-11-09 14:00:42.203544542
199,600,2.21691164e+08,4.21648844e+08,,1.42800119685e+11,queued,1.796178e+06,9.481767e+06,2.1572159e+07,1.13475937e+08,3.5635999e+08,5.00916656e+08,Duration of an invocation in various states.,invocation_monitor_time,SUMMARY,10000000000,policy-warm-mz-lru-warm,2019-11-09 14:00:42.203544542
200,12,2.3216580098e+10,2.3416957663e+10,,2.5924714433e+11,running,1.3219477541e+10,1.3219477541e+10,1.3219477541e+10,2.3017738841e+10,2.3325241306e+10,2.3417625532e+10,Duration of an invocation in various states.,invocation_monitor_time,SUMMARY,10000000000,policy-warm-mz-lru-warm,2019-11-09 14:00:42.203544542
201,1800,31443,51422,87594,6.5472334e+07,,,,,,,,Statistics of scheduler evaluations,workflows_scheduler_eval_time,SUMMARY,10000000000,policy-warm-mz-lru-warm,2019-11-09 14:00:45.203545332
202,600,2.21691164e+08,4.21648844e+08,,1.42800119685e+11,queued,1.796178e+06,9.481767e+06,2.1572159e+07,1.13475937e+08,3.5635999e+08,5.00916656e+08,Duration of an invocation in various states.,invocation_monitor_time,SUMMARY,10000000000,policy-warm-mz-lru-warm,2019-11-09 14:00:45.203545332
203,12,2.3216580098e+10,2.3416957663e+10,,2.5924714433e+11,running,1.3219477541e+10,1.3219477541e+10,1.3219477541e+10,2.3017738841e+10,2.3325241306e+10,2.3417625532e+10,Duration of an invocation in various states.,invocation_monitor_time,SUMMARY,10000000000,policy-warm-mz-lru-warm,2019-11-09 14:00:45.203545332
204,1800,31443,51422,87594,6.5472334e+07,,,,,,,,Statistics of scheduler evaluations,workflows_scheduler_eval_time,SUMMARY,10000000000,policy-warm-mz-lru-warm,2019-11-09 14:00:48.203711426
205,600,2.21691164e+08,4.21648844e+08,,1.42800119685e+11,queued,1.796178e+06,9.481767e+06,2.1572159e+07,1.13475937e+08,3.5635999e+08,5.00916656e+08,Duration of an invocation in various states.,invocation_monitor_time,SUMMARY,10000000000,policy-warm-mz-lru-warm,2019-11-09 14:00:48.203711426
206,22,2.3417327143e+10,3.3218764563e+10,,5.91392981359e+11,running,1.3219477541e+10,1.3219477541e+10,1.3320375837e+10,2.312689257e+10,3.3126528028e+10,3.3454723547e+10,Duration of an invocation in various states.,invocation_monitor_time,SUMMARY,10000000000,policy-warm-mz-lru-warm,2019-11-09 14:00:48.203711426
207,1906,33074,52071,90271,6.9519656e+07,,,,,,,,Statistics of scheduler evaluations,workflows_scheduler_eval_time,SUMMARY,11000000000,policy-warm-mz-lru-warm,2019-11-09 14:01:38.710208083
208,646,2.2175333e+08,4.21764643e+08,,1.55166064808e+11,queued,1.796178e+06,8.99212e+06,2.1668328e+07,1.13475937e+08,3.93303875e+08,5.00916656e+08,Duration of an invocation in various states.,invocation_monitor_time,SUMMARY,11000000000,policy-warm-mz-lru-warm,2019-11-09 14:01:38.710208083
209,1920,33528,52071,90271,7.0098005e+07,,,,,,,,Statistics of scheduler evaluations,workflows_scheduler_eval_time,SUMMARY,11000000000,policy-warm-mz-lru-warm,2019-11-09 14:01:41.710135367
210,660,2.21732668e+08,4.2172592e+08,,1.58192239286e+11,queued,1.796178e+06,8.99212e+06,2.1572159e+07,1.134579e+08,3.93287577e+08,5.00916656e+08,Duration of an invocation in various states.,invocation_monitor_time,SUMMARY,11000000000,policy-warm-mz-lru-warm,2019-11-09 14:01:41.710135367
211,1920,33528,52071,90271,7.0098005e+07,,,,,,,,Statistics of scheduler evaluations,workflows_scheduler_eval_time,SUMMARY,11000000000,policy-warm-mz-lru-warm,2019-11-09 14:01:44.710197130
212,660,2.21732668e+08,4.2172592e+08,,1.58192239286e+11,queued,1.796178e+06,8.99212e+06,2.1572159e+07,1.134579e+08,3.93287577e+08,5.00916656e+08,Duration of an invocation in various states.,invocation_monitor_time,SUMMARY,11000000000,policy-warm-mz-lru-warm,2019-11-09 14:01:44.710197130
213,1920,33528,52071,90271,7.0098005e+07,,,,,,,,Statistics of scheduler evaluations,workflows_scheduler_eval_time,SUMMARY,11000000000,policy-warm-mz-lru-warm,2019-11-09 14:01:47.710147338
214,660,2.21732668e+08,4.2172592e+08,,1.58192239286e+11,queued,1.796178e+06,8.99212e+06,2.1572159e+07,1.134579e+08,3.93287577e+08,5.00916656e+08,Duration of an invocation in various states.,invocation_monitor_time,SUMMARY,11000000000,policy-warm-mz-lru-warm,2019-11-09 14:01:47.710147338
215,1937,33528,52071,92013,7.0834185e+07,,,,,,,,Statistics of scheduler evaluations,workflows_scheduler_eval_time,SUMMARY,11000000000,policy-warm-mz-lru-warm,2019-11-09 14:01:50.710178934
216,660,2.21732668e+08,4.2172592e+08,,1.58192239286e+11,queued,1.796178e+06,8.99212e+06,2.1572159e+07,1.134579e+08,3.93287577e+08,5.00916656e+08,Duration of an invocation in various states.,invocation_monitor_time,SUMMARY,11000000000,policy-warm-mz-lru-warm,2019-11-09 14:01:50.710178934
217,1955,33074,52071,92013,7.14341e+07,,,,,,,,Statistics of scheduler evaluations,workflows_scheduler_eval_time,SUMMARY,11000000000,policy-warm-mz-lru-warm,2019-11-09 14:01:53.710293799
218,660,2.14371101e+08,4.14365215e+08,,1.58192239286e+11,queued,1.796178e+06,1.94228e+06,1.3640014e+07,1.10878105e+08,3.94404673e+08,5.00916656e+08,Duration of an invocation in various states.,invocation_monitor_time,SUMMARY,11000000000,policy-warm-mz-lru-warm,2019-11-09 14:01:53.710293799
219,1956,33074,52071,92013,7.1464227e+07,,,,,,,,Statistics of scheduler evaluations,workflows_scheduler_eval_time,SUMMARY,11000000000,policy-warm-mz-lru-warm,2019-11-09 14:01:56.710200565
220,660,2.14371101e+08,4.14365215e+08,,1.58192239286e+11,queued,1.796178e+06,1.94228e+06,1.3640014e+07,1.10878105e+08,3.94404673e+08,5.00916656e+08,Duration of an invocation in various states.,invocation_monitor_time,SUMMARY,11000000000,policy-warm-mz-lru-warm,2019-11-09 14:01:56.710200565
221,1,1.4417771079e+10,1.4417771079e+10,,1.4417771079e+10,running,1.4417771079e+10,1.4417771079e+10,1.4417771079e+10,1.4417771079e+10,1.4417771079e+10,1.4417771079e+10,Duration of an invocation in various states.,invocation_monitor_time,SUMMARY,11000000000,policy-warm-mz-lru-warm,2019-11-09 14:01:56.710200565
222,1956,33074,52071,92013,7.1464227e+07,,,,,,,,Statistics of scheduler evaluations,workflows_scheduler_eval_time,SUMMARY,11000000000,policy-warm-mz-lru-warm,2019-11-09 14:01:59.710232048
223,660,2.14371101e+08,4.14365215e+08,,1.58192239286e+11,queued,1.796178e+06,1.94228e+06,1.3640014e+07,1.10878105e+08,3.94404673e+08,5.00916656e+08,Duration of an invocation in various states.,invocation_monitor_time,SUMMARY,11000000000,policy-warm-mz-lru-warm,2019-11-09 14:01:59.710232048
224,1,1.4417771079e+10,1.4417771079e+10,,1.4417771079e+10,running,1.4417771079e+10,1.4417771079e+10,1.4417771079e+10,1.4417771079e+10,1.4417771079e+10,1.4417771079e+10,Duration of an invocation in various states.,invocation_monitor_time,SUMMARY,11000000000,policy-warm-mz-lru-warm,2019-11-09 14:01:59.710232048
225,1970,33074,52071,90271,7.1856032e+07,,,,,,,,Statistics of scheduler evaluations,workflows_scheduler_eval_time,SUMMARY,11000000000,policy-warm-mz-lru-warm,2019-11-09 14:02:02.710224742
226,660,2.14371101e+08,4.14365215e+08,,1.58192239286e+11,queued,1.796178e+06,1.94228e+06,1.3640014e+07,1.10878105e+08,3.94404673e+08,5.00916656e+08,Duration of an invocation in various states.,invocation_monitor_time,SUMMARY,11000000000,policy-warm-mz-lru-warm,2019-11-09 14:02:02.710224742
227,6,2.5022302496e+10,2.5323620428e+10,,1.40444432238e+11,running,1.4417771079e+10,1.4417771079e+10,1.4417771079e+10,1.4417771079e+10,2.5217347864e+10,2.5445976602e+10,Duration of an invocation in various states.,invocation_monitor_time,SUMMARY,11000000000,policy-warm-mz-lru-warm,2019-11-09 14:02:02.710224742
228,1980,33074,52071,90271,7.2131835e+07,,,,,,,,Statistics of scheduler evaluations,workflows_scheduler_eval_time,SUMMARY,11000000000,policy-warm-mz-lru-warm,2019-11-09 14:02:05.710159088
229,660,2.14371101e+08,4.14365215e+08,,1.58192239286e+11,queued,1.796178e+06,1.94228e+06,1.3640014e+07,1.10878105e+08,3.94404673e+08,5.00916656e+08,Duration of an invocation in various states.,invocation_monitor_time,SUMMARY,11000000000,policy-warm-mz-lru-warm,2019-11-09 14:02:05.710159088
230,12,2.5125373161e+10,2.5323620428e+10,,2.91770743658e+11,running,1.4417771079e+10,1.4417771079e+10,1.4417771079e+10,2.5022302496e+10,2.5322086707e+10,2.5445976602e+10,Duration of an invocation in various states.,invocation_monitor_time,SUMMARY,11000000000,policy-warm-mz-lru-warm,2019-11-09 14:02:05.710159088
231,1980,33074,52071,90271,7.2131835e+07,,,,,,,,Statistics of scheduler evaluations,workflows_scheduler_eval_time,SUMMARY,11000000000,policy-warm-mz-lru-warm,2019-11-09 14:02:08.710176019
232,660,2.14371101e+08,4.14365215e+08,,1.58192239286e+11,queued,1.796178e+06,1.94228e+06,1.3640014e+07,1.10878105e+08,3.94404673e+08,5.00916656e+08,Duration of an invocation in various states.,invocation_monitor_time,SUMMARY,11000000000,policy-warm-mz-lru-warm,2019-11-09 14:02:08.710176019
233,12,2.5125373161e+10,2.5323620428e+10,,2.91770743658e+11,running,1.4417771079e+10,1.4417771079e+10,1.4417771079e+10,2.5022302496e+10,2.5322086707e+10,2.5445976602e+10,Duration of an invocation in various states.,invocation_monitor_time,SUMMARY,11000000000,policy-warm-mz-lru-warm,2019-11-09 14:02:08.710176019
234,1980,33074,52071,90271,7.2131835e+07,,,,,,,,Statistics of scheduler evaluations,workflows_scheduler_eval_time,SUMMARY,11000000000,policy-warm-mz-lru-warm,2019-11-09 14:02:11.710171942
235,660,2.14371101e+08,4.14365215e+08,,1.58192239286e+11,queued,1.796178e+06,1.94228e+06,1.3640014e+07,1.10878105e+08,3.94404673e+08,5.00916656e+08,Duration of an invocation in various states.,invocation_monitor_time,SUMMARY,11000000000,policy-warm-mz-lru-warm,2019-11-09 14:02:11.710171942
236,12,2.5125373161e+10,2.5323620428e+10,,2.91770743658e+11,running,1.4417771079e+10,1.4417771079e+10,1.4417771079e+10,2.5022302496e+10,2.5322086707e+10,2.5445976602e+10,Duration of an invocation in various states.,invocation_monitor_time,SUMMARY,11000000000,policy-warm-mz-lru-warm,2019-11-09 14:02:11.710171942
237,1980,33074,52071,90271,7.2131835e+07,,,,,,,,Statistics of scheduler evaluations,workflows_scheduler_eval_time,SUMMARY,11000000000,policy-warm-mz-lru-warm,2019-11-09 14:02:14.710184582
238,660,2.14371101e+08,4.14365215e+08,,1.58192239286e+11,queued,1.796178e+06,1.94228e+06,1.3640014e+07,1.10878105e+08,3.94404673e+08,5.00916656e+08,Duration of an invocation in various states.,invocation_monitor_time,SUMMARY,11000000000,policy-warm-mz-lru-warm,2019-11-09 14:02:14.710184582
239,21,2.5323620428e+10,3.6325982821e+10,,6.18077013132e+11,running,1.4417771079e+10,1.4417771079e+10,2.5017413769e+10,2.512287993e+10,3.6126885873e+10,3.6427567555e+10,Duration of an invocation in various states.,invocation_monitor_time,SUMMARY,11000000000,policy-warm-mz-lru-warm,2019-11-09 14:02:14.710184582
240,2088,33074,52071,90271,7.6106333e+07,,,,,,,,Statistics of scheduler evaluations,workflows_scheduler_eval_time,SUMMARY,12000000000,policy-warm-mz-lru-warm,2019-11-09 14:03:09.224138942
241,706,2.14464691e+08,4.1443084e+08,,1.70278023199e+11,queued,1.796178e+06,1.94228e+06,1.4313727e+07,1.10878105e+08,3.93383389e+08,5.00916656e+08,Duration of an invocation in various states.,invocation_monitor_time,SUMMARY,12000000000,policy-warm-mz-lru-warm,2019-11-09 14:03:09.224138942
242,2105,33074,52071,90271,7.67909e+07,,,,,,,,Statistics of scheduler evaluations,workflows_scheduler_eval_time,SUMMARY,12000000000,policy-warm-mz-lru-warm,2019-11-09 14:03:12.224132547
243,720,2.14464691e+08,4.1443084e+08,,1.73397021314e+11,queued,1.796178e+06,8.461461e+06,1.4335102e+07,1.10878105e+08,3.94404673e+08,5.00916656e+08,Duration of an invocation in various states.,invocation_monitor_time,SUMMARY,12000000000,policy-warm-mz-lru-warm,2019-11-09 14:03:12.224132547
244,2107,33074,52071,90271,7.685892e+07,,,,,,,,Statistics of scheduler evaluations,workflows_scheduler_eval_time,SUMMARY,12000000000,policy-warm-mz-lru-warm,2019-11-09 14:03:15.224109644
245,720,2.14464691e+08,4.1443084e+08,,1.73397021314e+11,queued,1.796178e+06,8.461461e+06,1.4335102e+07,1.10878105e+08,3.94404673e+08,5.00916656e+08,Duration of an invocation in various states.,invocation_monitor_time,SUMMARY,12000000000,policy-warm-mz-lru-warm,2019-11-09 14:03:15.224109644
246,2107,33074,52071,90271,7.685892e+07,,,,,,,,Statistics of scheduler evaluations,workflows_scheduler_eval_time,SUMMARY,12000000000,policy-warm-mz-lru-warm,2019-11-09 14:03:18.224166478
247,720,2.14464691e+08,4.1443084e+08,,1.73397021314e+11,queued,1.796178e+06,8.461461e+06,1.4335102e+07,1.10878105e+08,3.94404673e+08,5.00916656e+08,Duration of an invocation in various states.,invocation_monitor_time,SUMMARY,12000000000,policy-warm-mz-lru-warm,2019-11-09 14:03:18.224166478
248,2117,33074,52071,90271,7.7220628e+07,,,,,,,,Statistics of scheduler evaluations,workflows_scheduler_eval_time,SUMMARY,12000000000,policy-warm-mz-lru-warm,2019-11-09 14:03:21.224113153
249,720,2.14464691e+08,4.1443084e+08,,1.73397021314e+11,queued,1.796178e+06,8.461461e+06,1.4335102e+07,1.10878105e+08,3.94404673e+08,5.00916656e+08,Duration of an invocation in various states.,invocation_monitor_time,SUMMARY,12000000000,policy-warm-mz-lru-warm,2019-11-09 14:03:21.224113153
250,2133,33074,52071,90271,7.7738668e+07,,,,,,,,Statistics of scheduler evaluations,workflows_scheduler_eval_time,SUMMARY,12000000000,policy-warm-mz-lru-warm,2019-11-09 14:03:24.224121097
251,720,2.14464691e+08,4.1443084e+08,,1.73397021314e+11,queued,1.796178e+06,8.461461e+06,1.4335102e+07,1.10878105e+08,3.94404673e+08,5.00916656e+08,Duration of an invocation in various states.,invocation_monitor_time,SUMMARY,12000000000,policy-warm-mz-lru-warm,2019-11-09 14:03:24.224121097
252,2139,33074,52071,90271,7.7918314e+07,,,,,,,,Statistics of scheduler evaluations,workflows_scheduler_eval_time,SUMMARY,12000000000,policy-warm-mz-lru-warm,2019-11-09 14:03:27.224118845
253,720,2.14464691e+08,4.1443084e+08,,1.73397021314e+11,queued,1.796178e+06,8.461461e+06,1.4335102e+07,1.10878105e+08,3.94404673e+08,5.00916656e+08,Duration of an invocation in various states.,invocation_monitor_time,SUMMARY,12000000000,policy-warm-mz-lru-warm,2019-11-09 14:03:27.224118845
254,3,1.5216095729e+10,1.5318933835e+10,,4.5952432804e+10,running,1.5216095729e+10,1.5216095729e+10,1.5216095729e+10,1.5216095729e+10,1.5318933835e+10,1.541740324e+10,Duration of an invocation in various states.,invocation_monitor_time,SUMMARY,12000000000,policy-warm-mz-lru-warm,2019-11-09 14:03:27.224118845
255,2139,33074,52071,90271,7.7918314e+07,,,,,,,,Statistics of scheduler evaluations,workflows_scheduler_eval_time,SUMMARY,12000000000,policy-warm-mz-lru-warm,2019-11-09 14:03:30.224140182
256,720,2.14464691e+08,4.1443084e+08,,1.73397021314e+11,queued,1.796178e+06,8.461461e+06,1.4335102e+07,1.10878105e+08,3.94404673e+08,5.00916656e+08,Duration of an invocation in various states.,invocation_monitor_time,SUMMARY,12000000000,policy-warm-mz-lru-warm,2019-11-09 14:03:30.224140182
257,3,1.5216095729e+10,1.5318933835e+10,,4.5952432804e+10,running,1.5216095729e+10,1.5216095729e+10,1.5216095729e+10,1.5216095729e+10,1.5318933835e+10,1.541740324e+10,Duration of an invocation in various states.,invocation_monitor_time,SUMMARY,12000000000,policy-warm-mz-lru-warm,2019-11-09 14:03:30.224140182
258,2144,33074,52071,90271,7.8087918e+07,,,,,,,,Statistics of scheduler evaluations,workflows_scheduler_eval_time,SUMMARY,12000000000,policy-warm-mz-lru-warm,2019-11-09 14:03:33.224132533
259,720,2.14464691e+08,4.1443084e+08,,1.73397021314e+11,queued,1.796178e+06,8.461461e+06,1.4335102e+07,1.10878105e+08,3.94404673e+08,5.00916656e+08,Duration of an invocation in various states.,invocation_monitor_time,SUMMARY,12000000000,policy-warm-mz-lru-warm,2019-11-09 14:03:33.224132533
260,3,1.5216095729e+10,1.5318933835e+10,,4.5952432804e+10,running,1.5216095729e+10,1.5216095729e+10,1.5216095729e+10,1.5216095729e+10,1.5318933835e+10,1.541740324e+10,Duration of an invocation in various states.,invocation_monitor_time,SUMMARY,12000000000,policy-warm-mz-lru-warm,2019-11-09 14:03:33.224132533
261,2155,34665,51472,100124,7.8416214e+07,,,,,,,,Statistics of scheduler evaluations,workflows_scheduler_eval_time,SUMMARY,12000000000,policy-warm-mz-lru-warm,2019-11-09 14:03:36.224154405
262,720,2.14464691e+08,4.1443084e+08,,1.73397021314e+11,queued,1.796178e+06,8.461461e+06,1.4335102e+07,1.10878105e+08,3.94404673e+08,5.00916656e+08,Duration of an invocation in various states.,invocation_monitor_time,SUMMARY,12000000000,policy-warm-mz-lru-warm,2019-11-09 14:03:36.224154405
263,9,2.7124664738e+10,2.741522469e+10,,2.09876121931e+11,running,1.5216095729e+10,1.5216095729e+10,1.5216095729e+10,1.5318933835e+10,2.7321319516e+10,2.7431983307e+10,Duration of an invocation in various states.,invocation_monitor_time,SUMMARY,12000000000,policy-warm-mz-lru-warm,2019-11-09 14:03:36.224154405
264,2160,34665,51472,100124,7.855275e+07,,,,,,,,Statistics of scheduler evaluations,workflows_scheduler_eval_time,SUMMARY,12000000000,policy-warm-mz-lru-warm,2019-11-09 14:03:39.224128283
265,720,2.14464691e+08,4.1443084e+08,,1.73397021314e+11,queued,1.796178e+06,8.461461e+06,1.4335102e+07,1.10878105e+08,3.94404673e+08,5.00916656e+08,Duration of an invocation in various states.,invocation_monitor_time,SUMMARY,12000000000,policy-warm-mz-lru-warm,2019-11-09 14:03:39.224128283
266,14,2.7215274946e+10,2.7418939686e+10,,3.46184627344e+11,running,1.5216095729e+10,1.5216095729e+10,1.5216095729e+10,1.541740324e+10,2.741522193e+10,2.7431983307e+10,Duration of an invocation in various states.,invocation_monitor_time,SUMMARY,12000000000,policy-warm-mz-lru-warm,2019-11-09 14:03:39.224128283
267,2160,34665,51472,100124,7.855275e+07,,,,,,,,Statistics of scheduler evaluations,workflows_scheduler_eval_time,SUMMARY,12000000000,policy-warm-mz-lru-warm,2019-11-09 14:03:42.224177441
268,720,2.14464691e+08,4.1443084e+08,,1.73397021314e+11,queued,1.796178e+06,8.461461e+06,1.4335102e+07,1.10878105e+08,3.94404673e+08,5.00916656e+08,Duration of an invocation in various states.,invocation_monitor_time,SUMMARY,12000000000,policy-warm-mz-lru-warm,2019-11-09 14:03:42.224177441
269,14,2.7215274946e+10,2.7418939686e+10,,3.46184627344e+11,running,1.5216095729e+10,1.5216095729e+10,1.5216095729e+10,1.541740324e+10,2.741522193e+10,2.7431983307e+10,Duration of an invocation in various states.,invocation_monitor_time,SUMMARY,12000000000,policy-warm-mz-lru-warm,2019-11-09 14:03:42.224177441
270,2160,34665,51472,100124,7.855275e+07,,,,,,,,Statistics of scheduler evaluations,workflows_scheduler_eval_time,SUMMARY,12000000000,policy-warm-mz-lru-warm,2019-11-09 14:03:45.224134843
271,720,2.14464691e+08,4.1443084e+08,,1.73397021314e+11,queued,1.796178e+06,8.461461e+06,1.4335102e+07,1.10878105e+08,3.94404673e+08,5.00916656e+08,Duration of an invocation in various states.,invocation_monitor_time,SUMMARY,12000000000,policy-warm-mz-lru-warm,2019-11-09 14:03:45.224134843
272,14,2.7215274946e+10,2.7418939686e+10,,3.46184627344e+11,running,1.5216095729e+10,1.5216095729e+10,1.5216095729e+10,1.541740324e+10,2.741522193e+10,2.7431983307e+10,Duration of an invocation in various states.,invocation_monitor_time,SUMMARY,12000000000,policy-warm-mz-lru-warm,2019-11-09 14:03:45.224134843
273,2160,34665,51472,100124,7.855275e+07,,,,,,,,Statistics of scheduler evaluations,workflows_scheduler_eval_time,SUMMARY,12000000000,policy-warm-mz-lru-warm,2019-11-09 14:03:48.224136393
274,720,2.14464691e+08,4.1443084e+08,,1.73397021314e+11,queued,1.796178e+06,8.461461e+06,1.4335102e+07,1.10878105e+08,3.94404673e+08,5.00916656e+08,Duration of an invocation in various states.,invocation_monitor_time,SUMMARY,12000000000,policy-warm-mz-lru-warm,2019-11-09 14:03:48.224136393
275,24,2.7418939686e+10,3.9217734449e+10,,7.3799312781e+11,running,1.5216095729e+10,1.5216095729e+10,1.5318933835e+10,2.7128350251e+10,3.9125203455e+10,3.9417402539e+10,Duration of an invocation in various states.,invocation_monitor_time,SUMMARY,12000000000,policy-warm-mz-lru-warm,2019-11-09 14:03:48.224136393
276,2268,34665,51249,100124,8.2515289e+07,,,,,,,,Statistics of scheduler evaluations,workflows_scheduler_eval_time,SUMMARY,13000000000,policy-warm-mz-lru-warm,2019-11-09 14:04:44.726054967
277,766,2.84614194e+08,4.15833151e+08,,1.85493113322e+11,queued,1.796178e+06,1.94228e+06,1.1671164e+07,1.09634552e+08,3.95690588e+08,5.00916656e+08,Duration of an invocation in various states.,invocation_monitor_time,SUMMARY,13000000000,policy-warm-mz-lru-warm,2019-11-09 14:04:44.726054967
278,2283,34665,52026,100124,8.3129702e+07,,,,,,,,Statistics of scheduler evaluations,workflows_scheduler_eval_time,SUMMARY,13000000000,policy-warm-mz-lru-warm,2019-11-09 14:04:47.726060546
279,780,2.84609133e+08,4.1346033e+08,,1.88507133262e+11,queued,1.796178e+06,1.94228e+06,1.1669839e+07,1.09579405e+08,3.95690588e+08,5.00916656e+08,Duration of an invocation in various states.,invocation_monitor_time,SUMMARY,13000000000,policy-warm-mz-lru-warm,2019-11-09 14:04:47.726060546
280,2284,34665,52026,100124,8.3171278e+07,,,,,,,,Statistics of scheduler evaluations,workflows_scheduler_eval_time,SUMMARY,13000000000,policy-warm-mz-lru-warm,2019-11-09 14:04:50.726057066
281,780,2.84609133e+08,4.1346033e+08,,1.88507133262e+11,queued,1.796178e+06,1.94228e+06,1.1669839e+07,1.09579405e+08,3.95690588e+08,5.00916656e+08,Duration of an invocation in various states.,invocation_monitor_time,SUMMARY,13000000000,policy-warm-mz-lru-warm,2019-11-09 14:04:50.726057066
282,2284,34665,52026,100124,8.3171278e+07,,,,,,,,Statistics of scheduler evaluations,workflows_scheduler_eval_time,SUMMARY,13000000000,policy-warm-mz-lru-warm,2019-11-09 14:04:53.726059483
283,780,2.84609133e+08,4.1346033e+08,,1.88507133262e+11,queued,1.796178e+06,1.94228e+06,1.1669839e+07,1.09579405e+08,3.95690588e+08,5.00916656e+08,Duration of an invocation in various states.,invocation_monitor_time,SUMMARY,13000000000,policy-warm-mz-lru-warm,2019-11-09 14:04:53.726059483
284,2289,34665,52026,100124,8.3351532e+07,,,,,,,,Statistics of scheduler evaluations,workflows_scheduler_eval_time,SUMMARY,13000000000,policy-warm-mz-lru-warm,2019-11-09 14:04:56.726027712
285,780,2.84609133e+08,4.1346033e+08,,1.88507133262e+11,queued,1.796178e+06,1.94228e+06,1.1669839e+07,1.09579405e+08,3.95690588e+08,5.00916656e+08,Duration of an invocation in various states.,invocation_monitor_time,SUMMARY,13000000000,policy-warm-mz-lru-warm,2019-11-09 14:04:56.726027712
286,2306,34665,51249,92013,8.390496e+07,,,,,,,,Statistics of scheduler evaluations,workflows_scheduler_eval_time,SUMMARY,13000000000,policy-warm-mz-lru-warm,2019-11-09 14:04:59.726045726
287,780,2.84609133e+08,4.1346033e+08,,1.88507133262e+11,queued,1.796178e+06,1.94228e+06,1.1669839e+07,1.09579405e+08,3.95690588e+08,5.00916656e+08,Duration of an invocation in various states.,invocation_monitor_time,SUMMARY,13000000000,policy-warm-mz-lru-warm,2019-11-09 14:04:59.726045726
288,2318,34665,51249,92013,8.4271842e+07,,,,,,,,Statistics of scheduler evaluations,workflows_scheduler_eval_time,SUMMARY,13000000000,policy-warm-mz-lru-warm,2019-11-09 14:05:02.726069557
289,780,2.84609133e+08,4.1346033e+08,,1.88507133262e+11,queued,1.796178e+06,1.94228e+06,1.1669839e+07,1.09579405e+08,3.95690588e+08,5.00916656e+08,Duration of an invocation in various states.,invocation_monitor_time,SUMMARY,13000000000,policy-warm-mz-lru-warm,2019-11-09 14:05:02.726069557
290,1,1.6318124315e+10,1.6318124315e+10,,1.6318124315e+10,running,1.6318124315e+10,1.6318124315e+10,1.6318124315e+10,1.6318124315e+10,1.6318124315e+10,1.6318124315e+10,Duration of an invocation in various states.,invocation_monitor_time,SUMMARY,13000000000,policy-warm-mz-lru-warm,2019-11-09 14:05:02.726069557
291,2318,34665,51249,92013,8.4271842e+07,,,,,,,,Statistics of scheduler evaluations,workflows_scheduler_eval_time,SUMMARY,13000000000,policy-warm-mz-lru-warm,2019-11-09 14:05:05.726062880
292,780,2.84609133e+08,4.1346033e+08,,1.88507133262e+11,queued,1.796178e+06,1.94228e+06,1.1669839e+07,1.09579405e+08,3.95690588e+08,5.00916656e+08,Duration of an invocation in various states.,invocation_monitor_time,SUMMARY,13000000000,policy-warm-mz-lru-warm,2019-11-09 14:05:05.726062880
293,1,1.6318124315e+10,1.6318124315e+10,,1.6318124315e+10,running,1.6318124315e+10,1.6318124315e+10,1.6318124315e+10,1.6318124315e+10,1.6318124315e+10,1.6318124315e+10,Duration of an invocation in various states.,invocation_monitor_time,SUMMARY,13000000000,policy-warm-mz-lru-warm,2019-11-09 14:05:05.726062880
294,2318,34665,51249,92013,8.4271842e+07,,,,,,,,Statistics of scheduler evaluations,workflows_scheduler_eval_time,SUMMARY,13000000000,policy-warm-mz-lru-warm,2019-11-09 14:05:08.726055146
295,780,2.84609133e+08,4.1346033e+08,,1.88507133262e+11,queued,1.796178e+06,1.94228e+06,1.1669839e+07,1.09579405e+08,3.95690588e+08,5.00916656e+08,Duration of an invocation in various states.,invocation_monitor_time,SUMMARY,13000000000,policy-warm-mz-lru-warm,2019-11-09 14:05:08.726055146
296,1,1.6318124315e+10,1.6318124315e+10,,1.6318124315e+10,running,1.6318124315e+10,1.6318124315e+10,1.6318124315e+10,1.6318124315e+10,1.6318124315e+10,1.6318124315e+10,Duration of an invocation in various states.,invocation_monitor_time,SUMMARY,13000000000,policy-warm-mz-lru-warm,2019-11-09 14:05:08.726055146
297,2327,34665,51249,99107,8.4613358e+07,,,,,,,,Statistics of scheduler evaluations,workflows_scheduler_eval_time,SUMMARY,13000000000,policy-warm-mz-lru-warm,2019-11-09 14:05:11.726018270
298,780,2.84609133e+08,4.1346033e+08,,1.88507133262e+11,queued,1.796178e+06,1.94228e+06,1.1669839e+07,1.09579405e+08,3.95690588e+08,5.00916656e+08,Duration of an invocation in various states.,invocation_monitor_time,SUMMARY,13000000000,policy-warm-mz-lru-warm,2019-11-09 14:05:11.726018270
299,5,2.9222643861e+10,2.9420367039e+10,,1.33707520431e+11,running,1.6318124315e+10,1.6318124315e+10,1.6318124315e+10,1.6318124315e+10,2.9324343944e+10,2.9422041272e+10,Duration of an invocation in various states.,invocation_monitor_time,SUMMARY,13000000000,policy-warm-mz-lru-warm,2019-11-09 14:05:11.726018270
300,2337,34665,51249,100124,8.4981799e+07,,,,,,,,Statistics of scheduler evaluations,workflows_scheduler_eval_time,SUMMARY,13000000000,policy-warm-mz-lru-warm,2019-11-09 14:05:14.726048502
301,780,2.84609133e+08,4.1346033e+08,,1.88507133262e+11,queued,1.796178e+06,1.94228e+06,1.1669839e+07,1.09579405e+08,3.95690588e+08,5.00916656e+08,Duration of an invocation in various states.,invocation_monitor_time,SUMMARY,13000000000,policy-warm-mz-lru-warm,2019-11-09 14:05:14.726048502
302,13,2.921602529e+10,2.9416103054e+10,,3.67749997957e+11,running,1.6318124315e+10,1.6318124315e+10,1.6318124315e+10,2.912078553e+10,2.9324343944e+10,2.9422041272e+10,Duration of an invocation in various states.,invocation_monitor_time,SUMMARY,13000000000,policy-warm-mz-lru-warm,2019-11-09 14:05:14.726048502
303,2340,34665,51249,100124,8.5062542e+07,,,,,,,,Statistics of scheduler evaluations,workflows_scheduler_eval_time,SUMMARY,13000000000,policy-warm-mz-lru-warm,2019-11-09 14:05:17.726048297
304,780,2.84609133e+08,4.1346033e+08,,1.88507133262e+11,queued,1.796178e+06,1.94228e+06,1.1669839e+07,1.09579405e+08,3.95690588e+08,5.00916656e+08,Duration of an invocation in various states.,invocation_monitor_time,SUMMARY,13000000000,policy-warm-mz-lru-warm,2019-11-09 14:05:17.726048297
305,15,2.921602529e+10,2.9416103054e+10,,4.26087216852e+11,running,1.6318124315e+10,1.6318124315e+10,1.6318124315e+10,2.9119787915e+10,2.9324343944e+10,2.9422041272e+10,Duration of an invocation in various states.,invocation_monitor_time,SUMMARY,13000000000,policy-warm-mz-lru-warm,2019-11-09 14:05:17.726048297
306,2340,34665,51249,100124,8.5062542e+07,,,,,,,,Statistics of scheduler evaluations,workflows_scheduler_eval_time,SUMMARY,13000000000,policy-warm-mz-lru-warm,2019-11-09 14:05:20.726023856
307,780,2.84609133e+08,4.1346033e+08,,1.88507133262e+11,queued,1.796178e+06,1.94228e+06,1.1669839e+07,1.09579405e+08,3.95690588e+08,5.00916656e+08,Duration of an invocation in various states.,invocation_monitor_time,SUMMARY,13000000000,policy-warm-mz-lru-warm,2019-11-09 14:05:20.726023856
308,15,2.921602529e+10,2.9416103054e+10,,4.26087216852e+11,running,1.6318124315e+10,1.6318124315e+10,1.6318124315e+10,2.9119787915e+10,2.9324343944e+10,2.9422041272e+10,Duration of an invocation in various states.,invocation_monitor_time,SUMMARY,13000000000,policy-warm-mz-lru-warm,2019-11-09 14:05:20.726023856
309,2340,34665,51249,100124,8.5062542e+07,,,,,,,,Statistics of scheduler evaluations,workflows_scheduler_eval_time,SUMMARY,13000000000,policy-warm-mz-lru-warm,2019-11-09 14:05:23.726030327
310,780,2.84609133e+08,4.1346033e+08,,1.88507133262e+11,queued,1.796178e+06,1.94228e+06,1.1669839e+07,1.09579405e+08,3.95690588e+08,5.00916656e+08,Duration of an invocation in various states.,invocation_monitor_time,SUMMARY,13000000000,policy-warm-mz-lru-warm,2019-11-09 14:05:23.726030327
311,15,2.921602529e+10,2.9416103054e+10,,4.26087216852e+11,running,1.6318124315e+10,1.6318124315e+10,1.6318124315e+10,2.9119787915e+10,2.9324343944e+10,2.9422041272e+10,Duration of an invocation in various states.,invocation_monitor_time,SUMMARY,13000000000,policy-warm-mz-lru-warm,2019-11-09 14:05:23.726030327
312,2340,34665,51249,100124,8.5062542e+07,,,,,,,,Statistics of scheduler evaluations,workflows_scheduler_eval_time,SUMMARY,13000000000,policy-warm-mz-lru-warm,2019-11-09 14:05:26.726099648
313,780,2.84609133e+08,4.1346033e+08,,1.88507133262e+11,queued,1.796178e+06,1.94228e+06,1.1669839e+07,1.09579405e+08,3.95690588e+08,5.00916656e+08,Duration of an invocation in various states.,invocation_monitor_time,SUMMARY,13000000000,policy-warm-mz-lru-warm,2019-11-09 14:05:26.726099648
314,22,2.9324343944e+10,4.2127290725e+10,,7.21146981169e+11,running,1.6318124315e+10,1.6318124315e+10,2.9016276444e+10,2.9215279997e+10,4.2017199488e+10,4.2417514269e+10,Duration of an invocation in various states.,invocation_monitor_time,SUMMARY,13000000000,policy-warm-mz-lru-warm,2019-11-09 14:05:26.726099648
315,2446,32868,53938,101147,8.9044777e+07,,,,,,,,Statistics of scheduler evaluations,workflows_scheduler_eval_time,SUMMARY,14000000000,policy-warm-mz-lru-warm,2019-11-09 14:06:26.746013737
316,825,2.73102744e+08,4.73069549e+08,,1.99802277652e+11,queued,7.784615e+06,8.003869e+06,7.2972509e+07,1.09507663e+08,3.93343566e+08,5.00916656e+08,Duration of an invocation in various states.,invocation_monitor_time,SUMMARY,14000000000,policy-warm-mz-lru-warm,2019-11-09 14:06:26.746013737
317,2463,32868,53938,99107,8.9628574e+07,,,,,,,,Statistics of scheduler evaluations,workflows_scheduler_eval_time,SUMMARY,14000000000,policy-warm-mz-lru-warm,2019-11-09 14:06:29.745967729
318,840,2.7305284e+08,4.45259214e+08,,2.02919973987e+11,queued,7.772075e+06,7.858507e+06,7.2949757e+07,1.09004025e+08,3.93343566e+08,5.00916656e+08,Duration of an invocation in various states.,invocation_monitor_time,SUMMARY,14000000000,policy-warm-mz-lru-warm,2019-11-09 14:06:29.745967729
319,2463,32868,53938,99107,8.9628574e+07,,,,,,,,Statistics of scheduler evaluations,workflows_scheduler_eval_time,SUMMARY,14000000000,policy-warm-mz-lru-warm,2019-11-09 14:06:32.746022678
320,840,2.7305284e+08,4.45259214e+08,,2.02919973987e+11,queued,7.772075e+06,7.858507e+06,7.2949757e+07,1.09004025e+08,3.93343566e+08,5.00916656e+08,Duration of an invocation in various states.,invocation_monitor_time,SUMMARY,14000000000,policy-warm-mz-lru-warm,2019-11-09 14:06:32.746022678
321,2463,32868,53938,99107,8.9628574e+07,,,,,,,,Statistics of scheduler evaluations,workflows_scheduler_eval_time,SUMMARY,14000000000,policy-warm-mz-lru-warm,2019-11-09 14:06:35.745958232
322,840,2.7305284e+08,4.45259214e+08,,2.02919973987e+11,queued,7.772075e+06,7.858507e+06,7.2949757e+07,1.09004025e+08,3.93343566e+08,5.00916656e+08,Duration of an invocation in various states.,invocation_monitor_time,SUMMARY,14000000000,policy-warm-mz-lru-warm,2019-11-09 14:06:35.745958232
323,2463,32868,53938,99107,8.9628574e+07,,,,,,,,Statistics of scheduler evaluations,workflows_scheduler_eval_time,SUMMARY,14000000000,policy-warm-mz-lru-warm,2019-11-09 14:06:38.745935726
324,840,2.7305284e+08,4.45259214e+08,,2.02919973987e+11,queued,7.772075e+06,7.858507e+06,7.2949757e+07,1.09004025e+08,3.93343566e+08,5.00916656e+08,Duration of an invocation in various states.,invocation_monitor_time,SUMMARY,14000000000,policy-warm-mz-lru-warm,2019-11-09 14:06:38.745935726
325,2479,32747,53938,99107,9.0229677e+07,,,,,,,,Statistics of scheduler evaluations,workflows_scheduler_eval_time,SUMMARY,14000000000,policy-warm-mz-lru-warm,2019-11-09 14:06:41.745963293
326,840,2.7305284e+08,4.45259214e+08,,2.02919973987e+11,queued,7.772075e+06,7.858507e+06,7.2949757e+07,1.09004025e+08,3.93343566e+08,5.00916656e+08,Duration of an invocation in various states.,invocation_monitor_time,SUMMARY,14000000000,policy-warm-mz-lru-warm,2019-11-09 14:06:41.745963293
327,2498,32747,53938,99107,9.0847887e+07,,,,,,,,Statistics of scheduler evaluations,workflows_scheduler_eval_time,SUMMARY,14000000000,policy-warm-mz-lru-warm,2019-11-09 14:06:44.745957842
328,840,2.7305284e+08,4.45259214e+08,,2.02919973987e+11,queued,7.772075e+06,7.858507e+06,7.2949757e+07,1.09004025e+08,3.93343566e+08,5.00916656e+08,Duration of an invocation in various states.,invocation_monitor_time,SUMMARY,14000000000,policy-warm-mz-lru-warm,2019-11-09 14:06:44.745957842
329,1,1.7214914285e+10,1.7214914285e+10,,1.7214914285e+10,running,1.7214914285e+10,1.7214914285e+10,1.7214914285e+10,1.7214914285e+10,1.7214914285e+10,1.7214914285e+10,Duration of an invocation in various states.,invocation_monitor_time,SUMMARY,14000000000,policy-warm-mz-lru-warm,2019-11-09 14:06:44.745957842
330,2499,32747,53938,99107,9.0870873e+07,,,,,,,,Statistics of scheduler evaluations,workflows_scheduler_eval_time,SUMMARY,14000000000,policy-warm-mz-lru-warm,2019-11-09 14:06:47.745938481
331,840,2.7305284e+08,4.45259214e+08,,2.02919973987e+11,queued,7.772075e+06,7.858507e+06,7.2949757e+07,1.09004025e+08,3.93343566e+08,5.00916656e+08,Duration of an invocation in various states.,invocation_monitor_time,SUMMARY,14000000000,policy-warm-mz-lru-warm,2019-11-09 14:06:47.745938481
332,1,1.7214914285e+10,1.7214914285e+10,,1.7214914285e+10,running,1.7214914285e+10,1.7214914285e+10,1.7214914285e+10,1.7214914285e+10,1.7214914285e+10,1.7214914285e+10,Duration of an invocation in various states.,invocation_monitor_time,SUMMARY,14000000000,policy-warm-mz-lru-warm,2019-11-09 14:06:47.745938481
333,2499,32747,53938,99107,9.0870873e+07,,,,,,,,Statistics of scheduler evaluations,workflows_scheduler_eval_time,SUMMARY,14000000000,policy-warm-mz-lru-warm,2019-11-09 14:06:50.745933693
334,840,2.7305284e+08,4.45259214e+08,,2.02919973987e+11,queued,7.772075e+06,7.858507e+06,7.2949757e+07,1.09004025e+08,3.93343566e+08,5.00916656e+08,Duration of an invocation in various states.,invocation_monitor_time,SUMMARY,14000000000,policy-warm-mz-lru-warm,2019-11-09 14:06:50.745933693
335,1,1.7214914285e+10,1.7214914285e+10,,1.7214914285e+10,running,1.7214914285e+10,1.7214914285e+10,1.7214914285e+10,1.7214914285e+10,1.7214914285e+10,1.7214914285e+10,Duration of an invocation in various states.,invocation_monitor_time,SUMMARY,14000000000,policy-warm-mz-lru-warm,2019-11-09 14:06:50.745933693
336,2499,32747,53938,99107,9.0870873e+07,,,,,,,,Statistics of scheduler evaluations,workflows_scheduler_eval_time,SUMMARY,14000000000,policy-warm-mz-lru-warm,2019-11-09 14:06:53.745936601
337,840,2.7305284e+08,4.45259214e+08,,2.02919973987e+11,queued,7.772075e+06,7.858507e+06,7.2949757e+07,1.09004025e+08,3.93343566e+08,5.00916656e+08,Duration of an invocation in various states.,invocation_monitor_time,SUMMARY,14000000000,policy-warm-mz-lru-warm,2019-11-09 14:06:53.745936601
338,1,1.7214914285e+10,1.7214914285e+10,,1.7214914285e+10,running,1.7214914285e+10,1.7214914285e+10,1.7214914285e+10,1.7214914285e+10,1.7214914285e+10,1.7214914285e+10,Duration of an invocation in various states.,invocation_monitor_time,SUMMARY,14000000000,policy-warm-mz-lru-warm,2019-11-09 14:06:53.745936601
339,2509,32747,53938,99107,9.1165443e+07,,,,,,,,Statistics of scheduler evaluations,workflows_scheduler_eval_time,SUMMARY,14000000000,policy-warm-mz-lru-warm,2019-11-09 14:06:56.745960107
340,840,2.7305284e+08,4.45259214e+08,,2.02919973987e+11,queued,7.772075e+06,7.858507e+06,7.2949757e+07,1.09004025e+08,3.93343566e+08,5.00916656e+08,Duration of an invocation in various states.,invocation_monitor_time,SUMMARY,14000000000,policy-warm-mz-lru-warm,2019-11-09 14:06:56.745960107
341,5,3.1015044046e+10,3.1400290926e+10,,1.42367042073e+11,running,1.7214914285e+10,1.7214914285e+10,1.7214914285e+10,1.7214914285e+10,3.1320569367e+10,3.1416223449e+10,Duration of an invocation in various states.,invocation_monitor_time,SUMMARY,14000000000,policy-warm-mz-lru-warm,2019-11-09 14:06:56.745960107
342,2520,32747,53938,99107,9.1469778e+07,,,,,,,,Statistics of scheduler evaluations,workflows_scheduler_eval_time,SUMMARY,14000000000,policy-warm-mz-lru-warm,2019-11-09 14:06:59.745938125
343,840,2.7305284e+08,4.45259214e+08,,2.02919973987e+11,queued,7.772075e+06,7.858507e+06,7.2949757e+07,1.09004025e+08,3.93343566e+08,5.00916656e+08,Duration of an invocation in various states.,invocation_monitor_time,SUMMARY,14000000000,policy-warm-mz-lru-warm,2019-11-09 14:06:59.745938125
344,11,3.1216523049e+10,3.1400290926e+10,,3.29676389789e+11,running,1.7214914285e+10,1.7214914285e+10,1.7214914285e+10,3.1015044046e+10,3.1324793118e+10,3.1416223449e+10,Duration of an invocation in various states.,invocation_monitor_time,SUMMARY,14000000000,policy-warm-mz-lru-warm,2019-11-09 14:06:59.745938125
345,2520,32747,53938,99107,9.1469778e+07,,,,,,,,Statistics of scheduler evaluations,workflows_scheduler_eval_time,SUMMARY,14000000000,policy-warm-mz-lru-warm,2019-11-09 14:07:02.745968115
346,840,2.7305284e+08,4.45259214e+08,,2.02919973987e+11,queued,7.772075e+06,7.858507e+06,7.2949757e+07,1.09004025e+08,3.93343566e+08,5.00916656e+08,Duration of an invocation in various states.,invocation_monitor_time,SUMMARY,14000000000,policy-warm-mz-lru-warm,2019-11-09 14:07:02.745968115
347,12,3.1216523049e+10,3.1400290926e+10,,3.60797415193e+11,running,1.7214914285e+10,1.7214914285e+10,1.7214914285e+10,3.1015648923e+10,3.1324793118e+10,3.1416223449e+10,Duration of an invocation in various states.,invocation_monitor_time,SUMMARY,14000000000,policy-warm-mz-lru-warm,2019-11-09 14:07:02.745968115
348,2520,32747,53938,99107,9.1469778e+07,,,,,,,,Statistics of scheduler evaluations,workflows_scheduler_eval_time,SUMMARY,14000000000,policy-warm-mz-lru-warm,2019-11-09 14:07:05.745964136
349,840,2.7305284e+08,4.45259214e+08,,2.02919973987e+11,queued,7.772075e+06,7.858507e+06,7.2949757e+07,1.09004025e+08,3.93343566e+08,5.00916656e+08,Duration of an invocation in various states.,invocation_monitor_time,SUMMARY,14000000000,policy-warm-mz-lru-warm,2019-11-09 14:07:05.745964136
350,12,3.1216523049e+10,3.1400290926e+10,,3.60797415193e+11,running,1.7214914285e+10,1.7214914285e+10,1.7214914285e+10,3.1015648923e+10,3.1324793118e+10,3.1416223449e+10,Duration of an invocation in various states.,invocation_monitor_time,SUMMARY,14000000000,policy-warm-mz-lru-warm,2019-11-09 14:07:05.745964136
351,2520,32747,53938,99107,9.1469778e+07,,,,,,,,Statistics of scheduler evaluations,workflows_scheduler_eval_time,SUMMARY,14000000000,policy-warm-mz-lru-warm,2019-11-09 14:07:08.745992184
352,840,2.7305284e+08,4.45259214e+08,,2.02919973987e+11,queued,7.772075e+06,7.858507e+06,7.2949757e+07,1.09004025e+08,3.93343566e+08,5.00916656e+08,Duration of an invocation in various states.,invocation_monitor_time,SUMMARY,14000000000,policy-warm-mz-lru-warm,2019-11-09 14:07:08.745992184
353,12,3.1216523049e+10,3.1400290926e+10,,3.60797415193e+11,running,1.7214914285e+10,1.7214914285e+10,1.7214914285e+10,3.1015648923e+10,3.1324793118e+10,3.1416223449e+10,Duration of an invocation in various states.,invocation_monitor_time,SUMMARY,14000000000,policy-warm-mz-lru-warm,2019-11-09 14:07:08.745992184
354,2520,32747,53938,99107,9.1469778e+07,,,,,,,,Statistics of scheduler evaluations,workflows_scheduler_eval_time,SUMMARY,14000000000,policy-warm-mz-lru-warm,2019-11-09 14:07:11.746039767
355,840,2.7305284e+08,4.45259214e+08,,2.02919973987e+11,queued,7.772075e+06,7.858507e+06,7.2949757e+07,1.09004025e+08,3.93343566e+08,5.00916656e+08,Duration of an invocation in various states.,invocation_monitor_time,SUMMARY,14000000000,policy-warm-mz-lru-warm,2019-11-09 14:07:11.746039767
356,21,3.1400290926e+10,4.5216399339e+10,,7.67408575498e+11,running,1.7214914285e+10,1.7214914285e+10,3.1015044046e+10,3.1121025404e+10,4.5126223708e+10,4.5416604696e+10,Duration of an invocation in various states.,invocation_monitor_time,SUMMARY,14000000000,policy-warm-mz-lru-warm,2019-11-09 14:07:11.746039767
357,2628,33947,51757,90271,9.5411841e+07,,,,,,,,Statistics of scheduler evaluations,workflows_scheduler_eval_time,SUMMARY,15000000000,policy-warm-mz-lru-warm,2019-11-09 14:08:15.243292193
358,886,2.72977551e+08,4.15833151e+08,,2.14639834569e+11,queued,7.65409e+06,7.771322e+06,9.7633e+06,1.08502892e+08,3.85218699e+08,4.93514144e+08,Duration of an invocation in various states.,invocation_monitor_time,SUMMARY,15000000000,policy-warm-mz-lru-warm,2019-11-09 14:08:15.243292193
359,2646,33947,51757,87276,9.6063456e+07,,,,,,,,Statistics of scheduler evaluations,workflows_scheduler_eval_time,SUMMARY,15000000000,policy-warm-mz-lru-warm,2019-11-09 14:08:18.243259534
360,900,2.72842768e+08,4.1346033e+08,,2.17747502655e+11,queued,7.65409e+06,7.74327e+06,9.7633e+06,1.08471999e+08,3.84766639e+08,4.93514144e+08,Duration of an invocation in various states.,invocation_monitor_time,SUMMARY,15000000000,policy-warm-mz-lru-warm,2019-11-09 14:08:18.243259534
361,2646,33947,51757,87276,9.6063456e+07,,,,,,,,Statistics of scheduler evaluations,workflows_scheduler_eval_time,SUMMARY,15000000000,policy-warm-mz-lru-warm,2019-11-09 14:08:21.243257873
362,900,2.72842768e+08,4.1346033e+08,,2.17747502655e+11,queued,7.65409e+06,7.74327e+06,9.7633e+06,1.08471999e+08,3.84766639e+08,4.93514144e+08,Duration of an invocation in various states.,invocation_monitor_time,SUMMARY,15000000000,policy-warm-mz-lru-warm,2019-11-09 14:08:21.243257873
363,2646,33947,51757,87276,9.6063456e+07,,,,,,,,Statistics of scheduler evaluations,workflows_scheduler_eval_time,SUMMARY,15000000000,policy-warm-mz-lru-warm,2019-11-09 14:08:24.243248569
364,900,2.72842768e+08,4.1346033e+08,,2.17747502655e+11,queued,7.65409e+06,7.74327e+06,9.7633e+06,1.08471999e+08,3.84766639e+08,4.93514144e+08,Duration of an invocation in various states.,invocation_monitor_time,SUMMARY,15000000000,policy-warm-mz-lru-warm,2019-11-09 14:08:24.243248569
365,2646,33947,51757,87276,9.6063456e+07,,,,,,,,Statistics of scheduler evaluations,workflows_scheduler_eval_time,SUMMARY,15000000000,policy-warm-mz-lru-warm,2019-11-09 14:08:27.243261608
366,900,2.72842768e+08,4.1346033e+08,,2.17747502655e+11,queued,7.65409e+06,7.74327e+06,9.7633e+06,1.08471999e+08,3.84766639e+08,4.93514144e+08,Duration of an invocation in various states.,invocation_monitor_time,SUMMARY,15000000000,policy-warm-mz-lru-warm,2019-11-09 14:08:27.243261608
367,2658,33947,51757,87276,9.6427449e+07,,,,,,,,Statistics of scheduler evaluations,workflows_scheduler_eval_time,SUMMARY,15000000000,policy-warm-mz-lru-warm,2019-11-09 14:08:30.243261635
368,900,2.72842768e+08,4.1346033e+08,,2.17747502655e+11,queued,7.65409e+06,7.74327e+06,9.7633e+06,1.08471999e+08,3.84766639e+08,4.93514144e+08,Duration of an invocation in various states.,invocation_monitor_time,SUMMARY,15000000000,policy-warm-mz-lru-warm,2019-11-09 14:08:30.243261635
369,2672,33947,51757,87276,9.6862105e+07,,,,,,,,Statistics of scheduler evaluations,workflows_scheduler_eval_time,SUMMARY,15000000000,policy-warm-mz-lru-warm,2019-11-09 14:08:33.243224165
370,900,2.72842768e+08,4.1346033e+08,,2.17747502655e+11,queued,7.65409e+06,7.74327e+06,9.7633e+06,1.08471999e+08,3.84766639e+08,4.93514144e+08,Duration of an invocation in various states.,invocation_monitor_time,SUMMARY,15000000000,policy-warm-mz-lru-warm,2019-11-09 14:08:33.243224165
371,1,1.8014134081e+10,1.8014134081e+10,,1.8014134081e+10,running,1.8014134081e+10,1.8014134081e+10,1.8014134081e+10,1.8014134081e+10,1.8014134081e+10,1.8014134081e+10,Duration of an invocation in various states.,invocation_monitor_time,SUMMARY,15000000000,policy-warm-mz-lru-warm,2019-11-09 14:08:33.243224165
372,2678,33947,51757,87276,9.707651e+07,,,,,,,,Statistics of scheduler evaluations,workflows_scheduler_eval_time,SUMMARY,15000000000,policy-warm-mz-lru-warm,2019-11-09 14:08:36.243217160
373,900,2.72842768e+08,4.1346033e+08,,2.17747502655e+11,queued,7.65409e+06,7.74327e+06,9.7633e+06,1.08471999e+08,3.84766639e+08,4.93514144e+08,Duration of an invocation in various states.,invocation_monitor_time,SUMMARY,15000000000,policy-warm-mz-lru-warm,2019-11-09 14:08:36.243217160
374,1,1.8014134081e+10,1.8014134081e+10,,1.8014134081e+10,running,1.8014134081e+10,1.8014134081e+10,1.8014134081e+10,1.8014134081e+10,1.8014134081e+10,1.8014134081e+10,Duration of an invocation in various states.,invocation_monitor_time,SUMMARY,15000000000,policy-warm-mz-lru-warm,2019-11-09 14:08:36.243217160
375,2678,33947,51757,87276,9.707651e+07,,,,,,,,Statistics of scheduler evaluations,workflows_scheduler_eval_time,SUMMARY,15000000000,policy-warm-mz-lru-warm,2019-11-09 14:08:39.243242186
376,900,2.72842768e+08,4.1346033e+08,,2.17747502655e+11,queued,7.65409e+06,7.74327e+06,9.7633e+06,1.08471999e+08,3.84766639e+08,4.93514144e+08,Duration of an invocation in various states.,invocation_monitor_time,SUMMARY,15000000000,policy-warm-mz-lru-warm,2019-11-09 14:08:39.243242186
377,1,1.8014134081e+10,1.8014134081e+10,,1.8014134081e+10,running,1.8014134081e+10,1.8014134081e+10,1.8014134081e+10,1.8014134081e+10,1.8014134081e+10,1.8014134081e+10,Duration of an invocation in various states.,invocation_monitor_time,SUMMARY,15000000000,policy-warm-mz-lru-warm,2019-11-09 14:08:39.243242186
378,2678,33947,51757,87276,9.707651e+07,,,,,,,,Statistics of scheduler evaluations,workflows_scheduler_eval_time,SUMMARY,15000000000,policy-warm-mz-lru-warm,2019-11-09 14:08:42.243230090
379,900,2.72842768e+08,4.1346033e+08,,2.17747502655e+11,queued,7.65409e+06,7.74327e+06,9.7633e+06,1.08471999e+08,3.84766639e+08,4.93514144e+08,Duration of an invocation in various states.,invocation_monitor_time,SUMMARY,15000000000,policy-warm-mz-lru-warm,2019-11-09 14:08:42.243230090
380,1,1.8014134081e+10,1.8014134081e+10,,1.8014134081e+10,running,1.8014134081e+10,1.8014134081e+10,1.8014134081e+10,1.8014134081e+10,1.8014134081e+10,1.8014134081e+10,Duration of an invocation in various states.,invocation_monitor_time,SUMMARY,15000000000,policy-warm-mz-lru-warm,2019-11-09 14:08:42.243230090
381,2681,33947,51757,87276,9.7181267e+07,,,,,,,,Statistics of scheduler evaluations,workflows_scheduler_eval_time,SUMMARY,15000000000,policy-warm-mz-lru-warm,2019-11-09 14:08:45.243279493
382,900,2.72842768e+08,4.1346033e+08,,2.17747502655e+11,queued,7.65409e+06,7.74327e+06,9.7633e+06,1.08471999e+08,3.84766639e+08,4.93514144e+08,Duration of an invocation in various states.,invocation_monitor_time,SUMMARY,15000000000,policy-warm-mz-lru-warm,2019-11-09 14:08:45.243279493
383,1,1.8014134081e+10,1.8014134081e+10,,1.8014134081e+10,running,1.8014134081e+10,1.8014134081e+10,1.8014134081e+10,1.8014134081e+10,1.8014134081e+10,1.8014134081e+10,Duration of an invocation in various states.,invocation_monitor_time,SUMMARY,15000000000,policy-warm-mz-lru-warm,2019-11-09 14:08:45.243279493
384,2693,33947,51757,87276,9.7532969e+07,,,,,,,,Statistics of scheduler evaluations,workflows_scheduler_eval_time,SUMMARY,15000000000,policy-warm-mz-lru-warm,2019-11-09 14:08:48.243268836
385,900,2.72842768e+08,4.1346033e+08,,2.17747502655e+11,queued,7.65409e+06,7.74327e+06,9.7633e+06,1.08471999e+08,3.84766639e+08,4.93514144e+08,Duration of an invocation in various states.,invocation_monitor_time,SUMMARY,15000000000,policy-warm-mz-lru-warm,2019-11-09 14:08:48.243268836
386,6,3.3214177076e+10,3.3319523977e+10,,1.84289922741e+11,running,1.8014134081e+10,1.8014134081e+10,1.8014134081e+10,1.8014134081e+10,3.3319308708e+10,3.3407349313e+10,Duration of an invocation in various states.,invocation_monitor_time,SUMMARY,15000000000,policy-warm-mz-lru-warm,2019-11-09 14:08:48.243268836
387,2700,33947,51757,87276,9.7732256e+07,,,,,,,,Statistics of scheduler evaluations,workflows_scheduler_eval_time,SUMMARY,15000000000,policy-warm-mz-lru-warm,2019-11-09 14:08:51.243264421
388,900,2.72842768e+08,4.1346033e+08,,2.17747502655e+11,queued,7.65409e+06,7.74327e+06,9.7633e+06,1.08471999e+08,3.84766639e+08,4.93514144e+08,Duration of an invocation in various states.,invocation_monitor_time,SUMMARY,15000000000,policy-warm-mz-lru-warm,2019-11-09 14:08:51.243264421
389,11,3.3214177076e+10,3.3320426341e+10,,3.50469042101e+11,running,1.8014134081e+10,1.8014134081e+10,1.8014134081e+10,3.3015084839e+10,3.3319523977e+10,3.341506016e+10,Duration of an invocation in various states.,invocation_monitor_time,SUMMARY,15000000000,policy-warm-mz-lru-warm,2019-11-09 14:08:51.243264421
390,2700,33947,51757,87276,9.7732256e+07,,,,,,,,Statistics of scheduler evaluations,workflows_scheduler_eval_time,SUMMARY,15000000000,policy-warm-mz-lru-warm,2019-11-09 14:08:54.243243740
391,900,2.72842768e+08,4.1346033e+08,,2.17747502655e+11,queued,7.65409e+06,7.74327e+06,9.7633e+06,1.08471999e+08,3.84766639e+08,4.93514144e+08,Duration of an invocation in various states.,invocation_monitor_time,SUMMARY,15000000000,policy-warm-mz-lru-warm,2019-11-09 14:08:54.243243740
392,11,3.3214177076e+10,3.3320426341e+10,,3.50469042101e+11,running,1.8014134081e+10,1.8014134081e+10,1.8014134081e+10,3.3015084839e+10,3.3319523977e+10,3.341506016e+10,Duration of an invocation in various states.,invocation_monitor_time,SUMMARY,15000000000,policy-warm-mz-lru-warm,2019-11-09 14:08:54.243243740
393,2700,33947,51757,87276,9.7732256e+07,,,,,,,,Statistics of scheduler evaluations,workflows_scheduler_eval_time,SUMMARY,15000000000,policy-warm-mz-lru-warm,2019-11-09 14:08:57.243250369
394,900,2.72842768e+08,4.1346033e+08,,2.17747502655e+11,queued,7.65409e+06,7.74327e+06,9.7633e+06,1.08471999e+08,3.84766639e+08,4.93514144e+08,Duration of an invocation in various states.,invocation_monitor_time,SUMMARY,15000000000,policy-warm-mz-lru-warm,2019-11-09 14:08:57.243250369
395,11,3.3214177076e+10,3.3320426341e+10,,3.50469042101e+11,running,1.8014134081e+10,1.8014134081e+10,1.8014134081e+10,3.3015084839e+10,3.3319523977e+10,3.341506016e+10,Duration of an invocation in various states.,invocation_monitor_time,SUMMARY,15000000000,policy-warm-mz-lru-warm,2019-11-09 14:08:57.243250369
396,2700,33947,51757,87276,9.7732256e+07,,,,,,,,Statistics of scheduler evaluations,workflows_scheduler_eval_time,SUMMARY,15000000000,policy-warm-mz-lru-warm,2019-11-09 14:09:00.243246298
397,900,2.72842768e+08,4.1346033e+08,,2.17747502655e+11,queued,7.65409e+06,7.74327e+06,9.7633e+06,1.08471999e+08,3.84766639e+08,4.93514144e+08,Duration of an invocation in various states.,invocation_monitor_time,SUMMARY,15000000000,policy-warm-mz-lru-warm,2019-11-09 14:09:00.243246298
398,11,3.3214177076e+10,3.3320426341e+10,,3.50469042101e+11,running,1.8014134081e+10,1.8014134081e+10,1.8014134081e+10,3.3015084839e+10,3.3319523977e+10,3.341506016e+10,Duration of an invocation in various states.,invocation_monitor_time,SUMMARY,15000000000,policy-warm-mz-lru-warm,2019-11-09 14:09:00.243246298
399,2700,33947,51757,87276,9.7732256e+07,,,,,,,,Statistics of scheduler evaluations,workflows_scheduler_eval_time,SUMMARY,15000000000,policy-warm-mz-lru-warm,2019-11-09 14:09:03.243280023
400,900,2.72842768e+08,4.1346033e+08,,2.17747502655e+11,queued,7.65409e+06,7.74327e+06,9.7633e+06,1.08471999e+08,3.84766639e+08,4.93514144e+08,Duration of an invocation in various states.,invocation_monitor_time,SUMMARY,15000000000,policy-warm-mz-lru-warm,2019-11-09 14:09:03.243280023
401,21,3.3407349313e+10,4.832673385e+10,,8.32874678381e+11,running,1.8014134081e+10,1.8014134081e+10,3.3015084839e+10,3.3214177076e+10,4.8128560027e+10,4.8417252124e+10,Duration of an invocation in various states.,invocation_monitor_time,SUMMARY,15000000000,policy-warm-mz-lru-warm,2019-11-09 14:09:03.243280023
402,2808,33195,51368,84020,1.01472052e+08,,,,,,,,Statistics of scheduler evaluations,workflows_scheduler_eval_time,SUMMARY,16000000000,policy-warm-mz-lru-warm,2019-11-09 14:10:09.741490022
403,945,2.7297831e+08,4.73069549e+08,,2.29243130456e+11,queued,7.65409e+06,7.690147e+06,7.2949757e+07,1.08117883e+08,3.79791258e+08,4.85510259e+08,Duration of an invocation in various states.,invocation_monitor_time,SUMMARY,16000000000,policy-warm-mz-lru-warm,2019-11-09 14:10:09.741490022
404,2824,33195,51368,84020,1.01991501e+08,,,,,,,,Statistics of scheduler evaluations,workflows_scheduler_eval_time,SUMMARY,16000000000,policy-warm-mz-lru-warm,2019-11-09 14:10:12.741463140
405,960,2.72977551e+08,4.15833151e+08,,2.32358487391e+11,queued,7.65409e+06,7.690147e+06,7.2910341e+07,1.07849358e+08,3.79791258e+08,4.85510259e+08,Duration of an invocation in various states.,invocation_monitor_time,SUMMARY,16000000000,policy-warm-mz-lru-warm,2019-11-09 14:10:12.741463140
406,2827,33195,51368,84020,1.02088268e+08,,,,,,,,Statistics of scheduler evaluations,workflows_scheduler_eval_time,SUMMARY,16000000000,policy-warm-mz-lru-warm,2019-11-09 14:10:15.741481549
407,960,2.72977551e+08,4.15833151e+08,,2.32358487391e+11,queued,7.65409e+06,7.690147e+06,7.2910341e+07,1.07849358e+08,3.79791258e+08,4.85510259e+08,Duration of an invocation in various states.,invocation_monitor_time,SUMMARY,16000000000,policy-warm-mz-lru-warm,2019-11-09 14:10:15.741481549
408,2827,33195,51368,84020,1.02088268e+08,,,,,,,,Statistics of scheduler evaluations,workflows_scheduler_eval_time,SUMMARY,16000000000,policy-warm-mz-lru-warm,2019-11-09 14:10:18.741471442
409,960,2.72977551e+08,4.15833151e+08,,2.32358487391e+11,queued,7.65409e+06,7.690147e+06,7.2910341e+07,1.07849358e+08,3.79791258e+08,4.85510259e+08,Duration of an invocation in various states.,invocation_monitor_time,SUMMARY,16000000000,policy-warm-mz-lru-warm,2019-11-09 14:10:18.741471442
410,2827,33195,51368,84020,1.02088268e+08,,,,,,,,Statistics of scheduler evaluations,workflows_scheduler_eval_time,SUMMARY,16000000000,policy-warm-mz-lru-warm,2019-11-09 14:10:21.741472288
411,960,2.72977551e+08,4.15833151e+08,,2.32358487391e+11,queued,7.65409e+06,7.690147e+06,7.2910341e+07,1.07849358e+08,3.79791258e+08,4.85510259e+08,Duration of an invocation in various states.,invocation_monitor_time,SUMMARY,16000000000,policy-warm-mz-lru-warm,2019-11-09 14:10:21.741472288
412,2831,33195,51368,84020,1.02259316e+08,,,,,,,,Statistics of scheduler evaluations,workflows_scheduler_eval_time,SUMMARY,16000000000,policy-warm-mz-lru-warm,2019-11-09 14:10:24.741477988
413,960,2.72977551e+08,4.15833151e+08,,2.32358487391e+11,queued,7.65409e+06,7.690147e+06,7.2910341e+07,1.07849358e+08,3.79791258e+08,4.85510259e+08,Duration of an invocation in various states.,invocation_monitor_time,SUMMARY,16000000000,policy-warm-mz-lru-warm,2019-11-09 14:10:24.741477988
414,2849,33195,51368,84020,1.02833201e+08,,,,,,,,Statistics of scheduler evaluations,workflows_scheduler_eval_time,SUMMARY,16000000000,policy-warm-mz-lru-warm,2019-11-09 14:10:27.741475840
415,960,2.72977551e+08,4.15833151e+08,,2.32358487391e+11,queued,7.65409e+06,7.690147e+06,7.2910341e+07,1.07849358e+08,3.79791258e+08,4.85510259e+08,Duration of an invocation in various states.,invocation_monitor_time,SUMMARY,16000000000,policy-warm-mz-lru-warm,2019-11-09 14:10:27.741475840
416,2862,33195,51368,84020,1.03207435e+08,,,,,,,,Statistics of scheduler evaluations,workflows_scheduler_eval_time,SUMMARY,16000000000,policy-warm-mz-lru-warm,2019-11-09 14:10:30.741489338
417,960,2.72977551e+08,4.15833151e+08,,2.32358487391e+11,queued,7.65409e+06,7.690147e+06,7.2910341e+07,1.07849358e+08,3.79791258e+08,4.85510259e+08,Duration of an invocation in various states.,invocation_monitor_time,SUMMARY,16000000000,policy-warm-mz-lru-warm,2019-11-09 14:10:30.741489338
418,1,1.9215951561e+10,1.9215951561e+10,,1.9215951561e+10,running,1.9215951561e+10,1.9215951561e+10,1.9215951561e+10,1.9215951561e+10,1.9215951561e+10,1.9215951561e+10,Duration of an invocation in various states.,invocation_monitor_time,SUMMARY,16000000000,policy-warm-mz-lru-warm,2019-11-09 14:10:30.741489338
419,2862,33195,51368,84020,1.03207435e+08,,,,,,,,Statistics of scheduler evaluations,workflows_scheduler_eval_time,SUMMARY,16000000000,policy-warm-mz-lru-warm,2019-11-09 14:10:33.741474801
420,960,2.72977551e+08,4.15833151e+08,,2.32358487391e+11,queued,7.65409e+06,7.690147e+06,7.2910341e+07,1.07849358e+08,3.79791258e+08,4.85510259e+08,Duration of an invocation in various states.,invocation_monitor_time,SUMMARY,16000000000,policy-warm-mz-lru-warm,2019-11-09 14:10:33.741474801
421,1,1.9215951561e+10,1.9215951561e+10,,1.9215951561e+10,running,1.9215951561e+10,1.9215951561e+10,1.9215951561e+10,1.9215951561e+10,1.9215951561e+10,1.9215951561e+10,Duration of an invocation in various states.,invocation_monitor_time,SUMMARY,16000000000,policy-warm-mz-lru-warm,2019-11-09 14:10:33.741474801
422,2862,33195,51368,84020,1.03207435e+08,,,,,,,,Statistics of scheduler evaluations,workflows_scheduler_eval_time,SUMMARY,16000000000,policy-warm-mz-lru-warm,2019-11-09 14:10:36.741481132
423,960,2.72977551e+08,4.15833151e+08,,2.32358487391e+11,queued,7.65409e+06,7.690147e+06,7.2910341e+07,1.07849358e+08,3.79791258e+08,4.85510259e+08,Duration of an invocation in various states.,invocation_monitor_time,SUMMARY,16000000000,policy-warm-mz-lru-warm,2019-11-09 14:10:36.741481132
424,1,1.9215951561e+10,1.9215951561e+10,,1.9215951561e+10,running,1.9215951561e+10,1.9215951561e+10,1.9215951561e+10,1.9215951561e+10,1.9215951561e+10,1.9215951561e+10,Duration of an invocation in various states.,invocation_monitor_time,SUMMARY,16000000000,policy-warm-mz-lru-warm,2019-11-09 14:10:36.741481132
425,2862,33195,51368,84020,1.03207435e+08,,,,,,,,Statistics of scheduler evaluations,workflows_scheduler_eval_time,SUMMARY,16000000000,policy-warm-mz-lru-warm,2019-11-09 14:10:39.741475790
426,960,2.72977551e+08,4.15833151e+08,,2.32358487391e+11,queued,7.65409e+06,7.690147e+06,7.2910341e+07,1.07849358e+08,3.79791258e+08,4.85510259e+08,Duration of an invocation in various states.,invocation_monitor_time,SUMMARY,16000000000,policy-warm-mz-lru-warm,2019-11-09 14:10:39.741475790
427,1,1.9215951561e+10,1.9215951561e+10,,1.9215951561e+10,running,1.9215951561e+10,1.9215951561e+10,1.9215951561e+10,1.9215951561e+10,1.9215951561e+10,1.9215951561e+10,Duration of an invocation in various states.,invocation_monitor_time,SUMMARY,16000000000,policy-warm-mz-lru-warm,2019-11-09 14:10:39.741475790
428,2868,33195,51368,84020,1.0342149e+08,,,,,,,,Statistics of scheduler evaluations,workflows_scheduler_eval_time,SUMMARY,16000000000,policy-warm-mz-lru-warm,2019-11-09 14:10:42.741464539
429,960,2.72977551e+08,4.15833151e+08,,2.32358487391e+11,queued,7.65409e+06,7.690147e+06,7.2910341e+07,1.07849358e+08,3.79791258e+08,4.85510259e+08,Duration of an invocation in various states.,invocation_monitor_time,SUMMARY,16000000000,policy-warm-mz-lru-warm,2019-11-09 14:10:42.741464539
430,4,3.5121304322e+10,3.5222119869e+10,,1.24880831125e+11,running,1.9215951561e+10,1.9215951561e+10,1.9215951561e+10,1.9215951561e+10,3.5222119869e+10,3.5321455373e+10,Duration of an invocation in various states.,invocation_monitor_time,SUMMARY,16000000000,policy-warm-mz-lru-warm,2019-11-09 14:10:42.741464539
431,2878,33195,51368,84020,1.03699979e+08,,,,,,,,Statistics of scheduler evaluations,workflows_scheduler_eval_time,SUMMARY,16000000000,policy-warm-mz-lru-warm,2019-11-09 14:10:45.741510069
432,960,2.72977551e+08,4.15833151e+08,,2.32358487391e+11,queued,7.65409e+06,7.690147e+06,7.2910341e+07,1.07849358e+08,3.79791258e+08,4.85510259e+08,Duration of an invocation in various states.,invocation_monitor_time,SUMMARY,16000000000,policy-warm-mz-lru-warm,2019-11-09 14:10:45.741510069
433,12,3.5214946651e+10,3.5323058977e+10,,4.06633616643e+11,running,1.9215951561e+10,1.9215951561e+10,1.9215951561e+10,3.5015710619e+10,3.5321691038e+10,3.5415845356e+10,Duration of an invocation in various states.,invocation_monitor_time,SUMMARY,16000000000,policy-warm-mz-lru-warm,2019-11-09 14:10:45.741510069
434,2880,33195,51368,84020,1.03756409e+08,,,,,,,,Statistics of scheduler evaluations,workflows_scheduler_eval_time,SUMMARY,16000000000,policy-warm-mz-lru-warm,2019-11-09 14:10:48.741488212
435,960,2.72977551e+08,4.15833151e+08,,2.32358487391e+11,queued,7.65409e+06,7.690147e+06,7.2910341e+07,1.07849358e+08,3.79791258e+08,4.85510259e+08,Duration of an invocation in various states.,invocation_monitor_time,SUMMARY,16000000000,policy-warm-mz-lru-warm,2019-11-09 14:10:48.741488212
436,18,3.5214946651e+10,3.5323630803e+10,,6.17739054232e+11,running,1.9215951561e+10,1.9215951561e+10,1.9215951561e+10,3.5015769188e+10,3.5321514379e+10,3.5415962077e+10,Duration of an invocation in various states.,invocation_monitor_time,SUMMARY,16000000000,policy-warm-mz-lru-warm,2019-11-09 14:10:48.741488212
437,2880,33195,51368,84020,1.03756409e+08,,,,,,,,Statistics of scheduler evaluations,workflows_scheduler_eval_time,SUMMARY,16000000000,policy-warm-mz-lru-warm,2019-11-09 14:10:51.741458009
438,960,2.72977551e+08,4.15833151e+08,,2.32358487391e+11,queued,7.65409e+06,7.690147e+06,7.2910341e+07,1.07849358e+08,3.79791258e+08,4.85510259e+08,Duration of an invocation in various states.,invocation_monitor_time,SUMMARY,16000000000,policy-warm-mz-lru-warm,2019-11-09 14:10:51.741458009
439,18,3.5214946651e+10,3.5323630803e+10,,6.17739054232e+11,running,1.9215951561e+10,1.9215951561e+10,1.9215951561e+10,3.5015769188e+10,3.5321514379e+10,3.5415962077e+10,Duration of an invocation in various states.,invocation_monitor_time,SUMMARY,16000000000,policy-warm-mz-lru-warm,2019-11-09 14:10:51.741458009
440,2880,33195,51368,84020,1.03756409e+08,,,,,,,,Statistics of scheduler evaluations,workflows_scheduler_eval_time,SUMMARY,16000000000,policy-warm-mz-lru-warm,2019-11-09 14:10:54.741485137
441,960,2.72977551e+08,4.15833151e+08,,2.32358487391e+11,queued,7.65409e+06,7.690147e+06,7.2910341e+07,1.07849358e+08,3.79791258e+08,4.85510259e+08,Duration of an invocation in various states.,invocation_monitor_time,SUMMARY,16000000000,policy-warm-mz-lru-warm,2019-11-09 14:10:54.741485137
442,18,3.5214946651e+10,3.5323630803e+10,,6.17739054232e+11,running,1.9215951561e+10,1.9215951561e+10,1.9215951561e+10,3.5015769188e+10,3.5321514379e+10,3.5415962077e+10,Duration of an invocation in various states.,invocation_monitor_time,SUMMARY,16000000000,policy-warm-mz-lru-warm,2019-11-09 14:10:54.741485137
443,2880,33195,51368,84020,1.03756409e+08,,,,,,,,Statistics of scheduler evaluations,workflows_scheduler_eval_time,SUMMARY,16000000000,policy-warm-mz-lru-warm,2019-11-09 14:10:57.741493055
444,960,2.72977551e+08,4.15833151e+08,,2.32358487391e+11,queued,7.65409e+06,7.690147e+06,7.2910341e+07,1.07849358e+08,3.79791258e+08,4.85510259e+08,Duration of an invocation in various states.,invocation_monitor_time,SUMMARY,16000000000,policy-warm-mz-lru-warm,2019-11-09 14:10:57.741493055
445,18,3.5214946651e+10,3.5323630803e+10,,6.17739054232e+11,running,1.9215951561e+10,1.9215951561e+10,1.9215951561e+10,3.5015769188e+10,3.5321514379e+10,3.5415962077e+10,Duration of an invocation in various states.,invocation_monitor_time,SUMMARY,16000000000,policy-warm-mz-lru-warm,2019-11-09 14:10:57.741493055
446,2880,33195,51368,84020,1.03756409e+08,,,,,,,,Statistics of scheduler evaluations,workflows_scheduler_eval_time,SUMMARY,16000000000,policy-warm-mz-lru-warm,2019-11-09 14:11:00.741489992
447,960,2.72977551e+08,4.15833151e+08,,2.32358487391e+11,queued,7.65409e+06,7.690147e+06,7.2910341e+07,1.07849358e+08,3.79791258e+08,4.85510259e+08,Duration of an invocation in various states.,invocation_monitor_time,SUMMARY,16000000000,policy-warm-mz-lru-warm,2019-11-09 14:11:00.741489992
448,23,3.5222119869e+10,5.1130509828e+10,,8.73950585434e+11,running,1.9215951561e+10,1.9215951561e+10,3.5014366065e+10,3.5015969769e+10,3.5415845356e+10,5.1419136484e+10,Duration of an invocation in various states.,invocation_monitor_time,SUMMARY,16000000000,policy-warm-mz-lru-warm,2019-11-09 14:11:00.741489992
449,2989,34244,50635,86917,1.07754618e+08,,,,,,,,Statistics of scheduler evaluations,workflows_scheduler_eval_time,SUMMARY,17000000000,policy-warm-mz-lru-warm,2019-11-09 14:12:10.153447204
450,1006,2.70483382e+08,4.70503129e+08,,2.44075055688e+11,queued,7.652211e+06,7.65409e+06,7.0484155e+07,1.07833328e+08,3.73616838e+08,4.8573773e+08,Duration of an invocation in various states.,invocation_monitor_time,SUMMARY,17000000000,policy-warm-mz-lru-warm,2019-11-09 14:12:10.153447204
451,3007,34244,50635,86917,1.08374412e+08,,,,,,,,Statistics of scheduler evaluations,workflows_scheduler_eval_time,SUMMARY,17000000000,policy-warm-mz-lru-warm,2019-11-09 14:12:13.153421406
452,1020,2.70472457e+08,4.70493485e+08,,2.47183247629e+11,queued,7.652211e+06,7.660235e+06,7.0484155e+07,1.07833328e+08,3.73616838e+08,4.8573773e+08,Duration of an invocation in various states.,invocation_monitor_time,SUMMARY,17000000000,policy-warm-mz-lru-warm,2019-11-09 14:12:13.153421406
453,3008,34244,50635,86917,1.08406229e+08,,,,,,,,Statistics of scheduler evaluations,workflows_scheduler_eval_time,SUMMARY,17000000000,policy-warm-mz-lru-warm,2019-11-09 14:12:16.153472583
454,1020,2.70472457e+08,4.70493485e+08,,2.47183247629e+11,queued,7.652211e+06,7.660235e+06,7.0484155e+07,1.07833328e+08,3.73616838e+08,4.8573773e+08,Duration of an invocation in various states.,invocation_monitor_time,SUMMARY,17000000000,policy-warm-mz-lru-warm,2019-11-09 14:12:16.153472583
455,3008,34244,50635,86917,1.08406229e+08,,,,,,,,Statistics of scheduler evaluations,workflows_scheduler_eval_time,SUMMARY,17000000000,policy-warm-mz-lru-warm,2019-11-09 14:12:19.153503720
456,1020,2.70472457e+08,4.70493485e+08,,2.47183247629e+11,queued,7.652211e+06,7.660235e+06,7.0484155e+07,1.07833328e+08,3.73616838e+08,4.8573773e+08,Duration of an invocation in various states.,invocation_monitor_time,SUMMARY,17000000000,policy-warm-mz-lru-warm,2019-11-09 14:12:19.153503720
457,3008,34244,50635,86917,1.08406229e+08,,,,,,,,Statistics of scheduler evaluations,workflows_scheduler_eval_time,SUMMARY,17000000000,policy-warm-mz-lru-warm,2019-11-09 14:12:22.153519168
458,1020,2.70472457e+08,4.70493485e+08,,2.47183247629e+11,queued,7.652211e+06,7.660235e+06,7.0484155e+07,1.07833328e+08,3.73616838e+08,4.8573773e+08,Duration of an invocation in various states.,invocation_monitor_time,SUMMARY,17000000000,policy-warm-mz-lru-warm,2019-11-09 14:12:22.153519168
459,3008,34244,50635,86917,1.08406229e+08,,,,,,,,Statistics of scheduler evaluations,workflows_scheduler_eval_time,SUMMARY,17000000000,policy-warm-mz-lru-warm,2019-11-09 14:12:25.153536025
460,1020,2.70472457e+08,4.70493485e+08,,2.47183247629e+11,queued,7.652211e+06,7.660235e+06,7.0484155e+07,1.07833328e+08,3.73616838e+08,4.8573773e+08,Duration of an invocation in various states.,invocation_monitor_time,SUMMARY,17000000000,policy-warm-mz-lru-warm,2019-11-09 14:12:25.153536025
461,3024,34244,50635,86917,1.09015305e+08,,,,,,,,Statistics of scheduler evaluations,workflows_scheduler_eval_time,SUMMARY,17000000000,policy-warm-mz-lru-warm,2019-11-09 14:12:28.153476686
462,1020,2.70472457e+08,4.70493485e+08,,2.47183247629e+11,queued,7.652211e+06,7.660235e+06,7.0484155e+07,1.07833328e+08,3.73616838e+08,4.8573773e+08,Duration of an invocation in various states.,invocation_monitor_time,SUMMARY,17000000000,policy-warm-mz-lru-warm,2019-11-09 14:12:28.153476686
463,2,2.0013835273e+10,2.0013835273e+10,,4.0330427579e+10,running,2.0013835273e+10,2.0013835273e+10,2.0013835273e+10,2.0013835273e+10,2.0013835273e+10,2.0316592306e+10,Duration of an invocation in various states.,invocation_monitor_time,SUMMARY,17000000000,policy-warm-mz-lru-warm,2019-11-09 14:12:28.153476686
464,3039,34244,50635,86917,1.09480982e+08,,,,,,,,Statistics of scheduler evaluations,workflows_scheduler_eval_time,SUMMARY,17000000000,policy-warm-mz-lru-warm,2019-11-09 14:12:31.153451343
465,1020,2.70472457e+08,4.70493485e+08,,2.47183247629e+11,queued,7.652211e+06,7.660235e+06,7.0484155e+07,1.07833328e+08,3.73616838e+08,4.8573773e+08,Duration of an invocation in various states.,invocation_monitor_time,SUMMARY,17000000000,policy-warm-mz-lru-warm,2019-11-09 14:12:31.153451343
466,4,2.0116276757e+10,2.0214266007e+10,,8.0660970343e+10,running,2.0013835273e+10,2.0013835273e+10,2.0013835273e+10,2.0013835273e+10,2.0214266007e+10,2.0316592306e+10,Duration of an invocation in various states.,invocation_monitor_time,SUMMARY,17000000000,policy-warm-mz-lru-warm,2019-11-09 14:12:31.153451343
467,3040,34244,50635,86917,1.09510033e+08,,,,,,,,Statistics of scheduler evaluations,workflows_scheduler_eval_time,SUMMARY,17000000000,policy-warm-mz-lru-warm,2019-11-09 14:12:34.153416955
468,1020,2.70472457e+08,4.70493485e+08,,2.47183247629e+11,queued,7.652211e+06,7.660235e+06,7.0484155e+07,1.07833328e+08,3.73616838e+08,4.8573773e+08,Duration of an invocation in various states.,invocation_monitor_time,SUMMARY,17000000000,policy-warm-mz-lru-warm,2019-11-09 14:12:34.153416955
469,4,2.0116276757e+10,2.0214266007e+10,,8.0660970343e+10,running,2.0013835273e+10,2.0013835273e+10,2.0013835273e+10,2.0013835273e+10,2.0214266007e+10,2.0316592306e+10,Duration of an invocation in various states.,invocation_monitor_time,SUMMARY,17000000000,policy-warm-mz-lru-warm,2019-11-09 14:12:34.153416955
470,3040,34244,50635,86917,1.09510033e+08,,,,,,,,Statistics of scheduler evaluations,workflows_scheduler_eval_time,SUMMARY,17000000000,policy-warm-mz-lru-warm,2019-11-09 14:12:37.153462068
471,1020,2.70472457e+08,4.70493485e+08,,2.47183247629e+11,queued,7.652211e+06,7.660235e+06,7.0484155e+07,1.07833328e+08,3.73616838e+08,4.8573773e+08,Duration of an invocation in various states.,invocation_monitor_time,SUMMARY,17000000000,policy-warm-mz-lru-warm,2019-11-09 14:12:37.153462068
472,4,2.0116276757e+10,2.0214266007e+10,,8.0660970343e+10,running,2.0013835273e+10,2.0013835273e+10,2.0013835273e+10,2.0013835273e+10,2.0214266007e+10,2.0316592306e+10,Duration of an invocation in various states.,invocation_monitor_time,SUMMARY,17000000000,policy-warm-mz-lru-warm,2019-11-09 14:12:37.153462068
473,3040,34244,50635,86917,1.09510033e+08,,,,,,,,Statistics of scheduler evaluations,workflows_scheduler_eval_time,SUMMARY,17000000000,policy-warm-mz-lru-warm,2019-11-09 14:12:40.153453804
474,1020,2.70472457e+08,4.70493485e+08,,2.47183247629e+11,queued,7.652211e+06,7.660235e+06,7.0484155e+07,1.07833328e+08,3.73616838e+08,4.8573773e+08,Duration of an invocation in various states.,invocation_monitor_time,SUMMARY,17000000000,policy-warm-mz-lru-warm,2019-11-09 14:12:40.153453804
475,4,2.0116276757e+10,2.0214266007e+10,,8.0660970343e+10,running,2.0013835273e+10,2.0013835273e+10,2.0013835273e+10,2.0013835273e+10,2.0214266007e+10,2.0316592306e+10,Duration of an invocation in various states.,invocation_monitor_time,SUMMARY,17000000000,policy-warm-mz-lru-warm,2019-11-09 14:12:40.153453804
476,3040,34244,50635,86917,1.09510033e+08,,,,,,,,Statistics of scheduler evaluations,workflows_scheduler_eval_time,SUMMARY,17000000000,policy-warm-mz-lru-warm,2019-11-09 14:12:43.153420525
477,1020,2.70472457e+08,4.70493485e+08,,2.47183247629e+11,queued,7.652211e+06,7.660235e+06,7.0484155e+07,1.07833328e+08,3.73616838e+08,4.8573773e+08,Duration of an invocation in various states.,invocation_monitor_time,SUMMARY,17000000000,policy-warm-mz-lru-warm,2019-11-09 14:12:43.153420525
478,4,2.0116276757e+10,2.0214266007e+10,,8.0660970343e+10,running,2.0013835273e+10,2.0013835273e+10,2.0013835273e+10,2.0013835273e+10,2.0214266007e+10,2.0316592306e+10,Duration of an invocation in various states.,invocation_monitor_time,SUMMARY,17000000000,policy-warm-mz-lru-warm,2019-11-09 14:12:43.153420525
479,3050,34244,50635,86917,1.0982188e+08,,,,,,,,Statistics of scheduler evaluations,workflows_scheduler_eval_time,SUMMARY,17000000000,policy-warm-mz-lru-warm,2019-11-09 14:12:46.153440318
480,1020,2.70472457e+08,4.70493485e+08,,2.47183247629e+11,queued,7.652211e+06,7.660235e+06,7.0484155e+07,1.07833328e+08,3.73616838e+08,4.8573773e+08,Duration of an invocation in various states.,invocation_monitor_time,SUMMARY,17000000000,policy-warm-mz-lru-warm,2019-11-09 14:12:46.153440318
481,8,2.0316592306e+10,3.7324771659e+10,,2.29721378438e+11,running,2.0013835273e+10,2.0013835273e+10,2.0013835273e+10,2.0116276757e+10,3.7214990429e+10,3.7505199155e+10,Duration of an invocation in various states.,invocation_monitor_time,SUMMARY,17000000000,policy-warm-mz-lru-warm,2019-11-09 14:12:46.153440318
482,3060,31317,50635,84020,1.10122311e+08,,,,,,,,Statistics of scheduler evaluations,workflows_scheduler_eval_time,SUMMARY,17000000000,policy-warm-mz-lru-warm,2019-11-09 14:12:49.153439686
483,1020,2.70472457e+08,4.70493485e+08,,2.47183247629e+11,queued,7.652211e+06,7.660235e+06,7.0484155e+07,1.07833328e+08,3.73616838e+08,4.8573773e+08,Duration of an invocation in various states.,invocation_monitor_time,SUMMARY,17000000000,policy-warm-mz-lru-warm,2019-11-09 14:12:49.153439686
484,14,3.7015446852e+10,3.7324771659e+10,,4.52530976413e+11,running,2.0013835273e+10,2.0013835273e+10,2.0013835273e+10,2.0214266007e+10,3.7125497261e+10,3.7505199155e+10,Duration of an invocation in various states.,invocation_monitor_time,SUMMARY,17000000000,policy-warm-mz-lru-warm,2019-11-09 14:12:49.153439686
485,3060,31317,50635,84020,1.10122311e+08,,,,,,,,Statistics of scheduler evaluations,workflows_scheduler_eval_time,SUMMARY,17000000000,policy-warm-mz-lru-warm,2019-11-09 14:12:52.153446880
486,1020,2.70472457e+08,4.70493485e+08,,2.47183247629e+11,queued,7.652211e+06,7.660235e+06,7.0484155e+07,1.07833328e+08,3.73616838e+08,4.8573773e+08,Duration of an invocation in various states.,invocation_monitor_time,SUMMARY,17000000000,policy-warm-mz-lru-warm,2019-11-09 14:12:52.153446880
487,17,3.711974916e+10,3.7414307682e+10,,5.64289869536e+11,running,2.0013835273e+10,2.0013835273e+10,2.0013835273e+10,2.0316592306e+10,3.7214990429e+10,3.7505199155e+10,Duration of an invocation in various states.,invocation_monitor_time,SUMMARY,17000000000,policy-warm-mz-lru-warm,2019-11-09 14:12:52.153446880
488,3060,31317,50635,84020,1.10122311e+08,,,,,,,,Statistics of scheduler evaluations,workflows_scheduler_eval_time,SUMMARY,17000000000,policy-warm-mz-lru-warm,2019-11-09 14:12:55.153439113
489,1020,2.70472457e+08,4.70493485e+08,,2.47183247629e+11,queued,7.652211e+06,7.660235e+06,7.0484155e+07,1.07833328e+08,3.73616838e+08,4.8573773e+08,Duration of an invocation in various states.,invocation_monitor_time,SUMMARY,17000000000,policy-warm-mz-lru-warm,2019-11-09 14:12:55.153439113
490,17,3.711974916e+10,3.7414307682e+10,,5.64289869536e+11,running,2.0013835273e+10,2.0013835273e+10,2.0013835273e+10,2.0316592306e+10,3.7214990429e+10,3.7505199155e+10,Duration of an invocation in various states.,invocation_monitor_time,SUMMARY,17000000000,policy-warm-mz-lru-warm,2019-11-09 14:12:55.153439113
491,3060,31317,50635,84020,1.10122311e+08,,,,,,,,Statistics of scheduler evaluations,workflows_scheduler_eval_time,SUMMARY,17000000000,policy-warm-mz-lru-warm,2019-11-09 14:12:58.153436380
492,1020,2.70472457e+08,4.70493485e+08,,2.47183247629e+11,queued,7.652211e+06,7.660235e+06,7.0484155e+07,1.07833328e+08,3.73616838e+08,4.8573773e+08,Duration of an invocation in various states.,invocation_monitor_time,SUMMARY,17000000000,policy-warm-mz-lru-warm,2019-11-09 14:12:58.153436380
493,17,3.711974916e+10,3.7414307682e+10,,5.64289869536e+11,running,2.0013835273e+10,2.0013835273e+10,2.0013835273e+10,2.0316592306e+10,3.7214990429e+10,3.7505199155e+10,Duration of an invocation in various states.,invocation_monitor_time,SUMMARY,17000000000,policy-warm-mz-lru-warm,2019-11-09 14:12:58.153436380
494,3060,31317,50635,84020,1.10122311e+08,,,,,,,,Statistics of scheduler evaluations,workflows_scheduler_eval_time,SUMMARY,17000000000,policy-warm-mz-lru-warm,2019-11-09 14:13:01.153439068
495,1020,2.70472457e+08,4.70493485e+08,,2.47183247629e+11,queued,7.652211e+06,7.660235e+06,7.0484155e+07,1.07833328e+08,3.73616838e+08,4.8573773e+08,Duration of an invocation in various states.,invocation_monitor_time,SUMMARY,17000000000,policy-warm-mz-lru-warm,2019-11-09 14:13:01.153439068
496,17,3.711974916e+10,3.7414307682e+10,,5.64289869536e+11,running,2.0013835273e+10,2.0013835273e+10,2.0013835273e+10,2.0316592306e+10,3.7214990429e+10,3.7505199155e+10,Duration of an invocation in various states.,invocation_monitor_time,SUMMARY,17000000000,policy-warm-mz-lru-warm,2019-11-09 14:13:01.153439068
497,3060,31317,50635,84020,1.10122311e+08,,,,,,,,Statistics of scheduler evaluations,workflows_scheduler_eval_time,SUMMARY,17000000000,policy-warm-mz-lru-warm,2019-11-09 14:13:04.153467934
498,1020,2.70472457e+08,4.70493485e+08,,2.47183247629e+11,queued,7.652211e+06,7.660235e+06,7.0484155e+07,1.07833328e+08,3.73616838e+08,4.8573773e+08,Duration of an invocation in various states.,invocation_monitor_time,SUMMARY,17000000000,policy-warm-mz-lru-warm,2019-11-09 14:13:04.153467934
499,24,3.7214990429e+10,5.4326166862e+10,,9.44433595646e+11,running,2.0013835273e+10,2.0013835273e+10,2.0116276757e+10,3.7014592173e+10,5.4129897829e+10,5.4418995992e+10,Duration of an invocation in various states.,invocation_monitor_time,SUMMARY,17000000000,policy-warm-mz-lru-warm,2019-11-09 14:13:04.153467934
500,3167,33116,47595,84020,1.13963344e+08,,,,,,,,Statistics of scheduler evaluations,workflows_scheduler_eval_time,SUMMARY,18000000000,policy-warm-mz-lru-warm,2019-11-09 14:14:16.163533642
501,1066,2.65469925e+08,4.08016804e+08,,2.58743564034e+11,queued,7.652211e+06,7.65409e+06,8.003869e+06,1.07797619e+08,3.7357028e+08,4.8573773e+08,Duration of an invocation in various states.,invocation_monitor_time,SUMMARY,18000000000,policy-warm-mz-lru-warm,2019-11-09 14:14:16.163533642
502,3184,33116,47595,84020,1.1459475e+08,,,,,,,,Statistics of scheduler evaluations,workflows_scheduler_eval_time,SUMMARY,18000000000,policy-warm-mz-lru-warm,2019-11-09 14:14:19.163526398
503,1080,2.07989162e+08,4.07933994e+08,,2.61852894074e+11,queued,7.652211e+06,7.65409e+06,8.003869e+06,1.07793039e+08,3.73552241e+08,4.8573773e+08,Duration of an invocation in various states.,invocation_monitor_time,SUMMARY,18000000000,policy-warm-mz-lru-warm,2019-11-09 14:14:19.163526398
504,1,3.114039631e+09,3.114039631e+09,,3.114039631e+09,running,3.114039631e+09,3.114039631e+09,3.114039631e+09,3.114039631e+09,3.114039631e+09,3.114039631e+09,Duration of an invocation in various states.,invocation_monitor_time,SUMMARY,18000000000,policy-warm-mz-lru-warm,2019-11-09 14:14:19.163526398
505,3187,33116,47595,84020,1.14685983e+08,,,,,,,,Statistics of scheduler evaluations,workflows_scheduler_eval_time,SUMMARY,18000000000,policy-warm-mz-lru-warm,2019-11-09 14:14:22.163484427
506,1080,2.07989162e+08,4.07933994e+08,,2.61852894074e+11,queued,7.652211e+06,7.65409e+06,8.003869e+06,1.07793039e+08,3.73552241e+08,4.8573773e+08,Duration of an invocation in various states.,invocation_monitor_time,SUMMARY,18000000000,policy-warm-mz-lru-warm,2019-11-09 14:14:22.163484427
507,1,3.114039631e+09,3.114039631e+09,,3.114039631e+09,running,3.114039631e+09,3.114039631e+09,3.114039631e+09,3.114039631e+09,3.114039631e+09,3.114039631e+09,Duration of an invocation in various states.,invocation_monitor_time,SUMMARY,18000000000,policy-warm-mz-lru-warm,2019-11-09 14:14:22.163484427
508,3187,33116,47595,84020,1.14685983e+08,,,,,,,,Statistics of scheduler evaluations,workflows_scheduler_eval_time,SUMMARY,18000000000,policy-warm-mz-lru-warm,2019-11-09 14:14:25.163489466
509,1080,2.07989162e+08,4.07933994e+08,,2.61852894074e+11,queued,7.652211e+06,7.65409e+06,8.003869e+06,1.07793039e+08,3.73552241e+08,4.8573773e+08,Duration of an invocation in various states.,invocation_monitor_time,SUMMARY,18000000000,policy-warm-mz-lru-warm,2019-11-09 14:14:25.163489466
510,1,3.114039631e+09,3.114039631e+09,,3.114039631e+09,running,3.114039631e+09,3.114039631e+09,3.114039631e+09,3.114039631e+09,3.114039631e+09,3.114039631e+09,Duration of an invocation in various states.,invocation_monitor_time,SUMMARY,18000000000,policy-warm-mz-lru-warm,2019-11-09 14:14:25.163489466
511,3187,33116,47595,84020,1.14685983e+08,,,,,,,,Statistics of scheduler evaluations,workflows_scheduler_eval_time,SUMMARY,18000000000,policy-warm-mz-lru-warm,2019-11-09 14:14:28.163489737
512,1080,2.07989162e+08,4.07933994e+08,,2.61852894074e+11,queued,7.652211e+06,7.65409e+06,8.003869e+06,1.07793039e+08,3.73552241e+08,4.8573773e+08,Duration of an invocation in various states.,invocation_monitor_time,SUMMARY,18000000000,policy-warm-mz-lru-warm,2019-11-09 14:14:28.163489737
513,1,3.114039631e+09,3.114039631e+09,,3.114039631e+09,running,3.114039631e+09,3.114039631e+09,3.114039631e+09,3.114039631e+09,3.114039631e+09,3.114039631e+09,Duration of an invocation in various states.,invocation_monitor_time,SUMMARY,18000000000,policy-warm-mz-lru-warm,2019-11-09 14:14:28.163489737
514,3187,33116,47595,84020,1.14685983e+08,,,,,,,,Statistics of scheduler evaluations,workflows_scheduler_eval_time,SUMMARY,18000000000,policy-warm-mz-lru-warm,2019-11-09 14:14:31.163492835
515,1080,2.07989162e+08,4.07933994e+08,,2.61852894074e+11,queued,7.652211e+06,7.65409e+06,8.003869e+06,1.07793039e+08,3.73552241e+08,4.8573773e+08,Duration of an invocation in various states.,invocation_monitor_time,SUMMARY,18000000000,policy-warm-mz-lru-warm,2019-11-09 14:14:31.163492835
516,1,3.114039631e+09,3.114039631e+09,,3.114039631e+09,running,3.114039631e+09,3.114039631e+09,3.114039631e+09,3.114039631e+09,3.114039631e+09,3.114039631e+09,Duration of an invocation in various states.,invocation_monitor_time,SUMMARY,18000000000,policy-warm-mz-lru-warm,2019-11-09 14:14:31.163492835
517,3199,33116,47595,84020,1.15096398e+08,,,,,,,,Statistics of scheduler evaluations,workflows_scheduler_eval_time,SUMMARY,18000000000,policy-warm-mz-lru-warm,2019-11-09 14:14:34.163526301
518,1080,2.07989162e+08,4.07933994e+08,,2.61852894074e+11,queued,7.652211e+06,7.65409e+06,8.003869e+06,1.07793039e+08,3.73552241e+08,4.8573773e+08,Duration of an invocation in various states.,invocation_monitor_time,SUMMARY,18000000000,policy-warm-mz-lru-warm,2019-11-09 14:14:34.163526301
519,1,3.114039631e+09,3.114039631e+09,,3.114039631e+09,running,3.114039631e+09,3.114039631e+09,3.114039631e+09,3.114039631e+09,3.114039631e+09,3.114039631e+09,Duration of an invocation in various states.,invocation_monitor_time,SUMMARY,18000000000,policy-warm-mz-lru-warm,2019-11-09 14:14:34.163526301
520,3216,33116,47595,84020,1.1564672e+08,,,,,,,,Statistics of scheduler evaluations,workflows_scheduler_eval_time,SUMMARY,18000000000,policy-warm-mz-lru-warm,2019-11-09 14:14:37.163477555
521,1080,2.07989162e+08,4.07933994e+08,,2.61852894074e+11,queued,7.652211e+06,7.65409e+06,8.003869e+06,1.07793039e+08,3.73552241e+08,4.8573773e+08,Duration of an invocation in various states.,invocation_monitor_time,SUMMARY,18000000000,policy-warm-mz-lru-warm,2019-11-09 14:14:37.163477555
522,1,3.114039631e+09,3.114039631e+09,,3.114039631e+09,running,3.114039631e+09,3.114039631e+09,3.114039631e+09,3.114039631e+09,3.114039631e+09,3.114039631e+09,Duration of an invocation in various states.,invocation_monitor_time,SUMMARY,18000000000,policy-warm-mz-lru-warm,2019-11-09 14:14:37.163477555
523,3220,33116,47595,84020,1.15767441e+08,,,,,,,,Statistics of scheduler evaluations,workflows_scheduler_eval_time,SUMMARY,18000000000,policy-warm-mz-lru-warm,2019-11-09 14:14:40.163527212
524,1080,2.07989162e+08,4.07933994e+08,,2.61852894074e+11,queued,7.652211e+06,7.65409e+06,8.003869e+06,1.07793039e+08,3.73552241e+08,4.8573773e+08,Duration of an invocation in various states.,invocation_monitor_time,SUMMARY,18000000000,policy-warm-mz-lru-warm,2019-11-09 14:14:40.163527212
525,3,3.114039631e+09,2.1317889777e+10,,4.5846635278e+10,running,3.114039631e+09,3.114039631e+09,3.114039631e+09,3.114039631e+09,2.1317889777e+10,2.141470587e+10,Duration of an invocation in various states.,invocation_monitor_time,SUMMARY,18000000000,policy-warm-mz-lru-warm,2019-11-09 14:14:40.163527212
526,3220,33116,47595,84020,1.15767441e+08,,,,,,,,Statistics of scheduler evaluations,workflows_scheduler_eval_time,SUMMARY,18000000000,policy-warm-mz-lru-warm,2019-11-09 14:14:43.163483835
527,1080,2.07989162e+08,4.07933994e+08,,2.61852894074e+11,queued,7.652211e+06,7.65409e+06,8.003869e+06,1.07793039e+08,3.73552241e+08,4.8573773e+08,Duration of an invocation in various states.,invocation_monitor_time,SUMMARY,18000000000,policy-warm-mz-lru-warm,2019-11-09 14:14:43.163483835
528,3,3.114039631e+09,2.1317889777e+10,,4.5846635278e+10,running,3.114039631e+09,3.114039631e+09,3.114039631e+09,3.114039631e+09,2.1317889777e+10,2.141470587e+10,Duration of an invocation in various states.,invocation_monitor_time,SUMMARY,18000000000,policy-warm-mz-lru-warm,2019-11-09 14:14:43.163483835
529,3220,33116,47595,84020,1.15767441e+08,,,,,,,,Statistics of scheduler evaluations,workflows_scheduler_eval_time,SUMMARY,18000000000,policy-warm-mz-lru-warm,2019-11-09 14:14:46.163528436
530,1080,2.07989162e+08,4.07933994e+08,,2.61852894074e+11,queued,7.652211e+06,7.65409e+06,8.003869e+06,1.07793039e+08,3.73552241e+08,4.8573773e+08,Duration of an invocation in various states.,invocation_monitor_time,SUMMARY,18000000000,policy-warm-mz-lru-warm,2019-11-09 14:14:46.163528436
531,3,3.114039631e+09,2.1317889777e+10,,4.5846635278e+10,running,3.114039631e+09,3.114039631e+09,3.114039631e+09,3.114039631e+09,2.1317889777e+10,2.141470587e+10,Duration of an invocation in various states.,invocation_monitor_time,SUMMARY,18000000000,policy-warm-mz-lru-warm,2019-11-09 14:14:46.163528436
532,3220,33116,47595,84020,1.15767441e+08,,,,,,,,Statistics of scheduler evaluations,workflows_scheduler_eval_time,SUMMARY,18000000000,policy-warm-mz-lru-warm,2019-11-09 14:14:49.163509360
533,1080,2.07989162e+08,4.07933994e+08,,2.61852894074e+11,queued,7.652211e+06,7.65409e+06,8.003869e+06,1.07793039e+08,3.73552241e+08,4.8573773e+08,Duration of an invocation in various states.,invocation_monitor_time,SUMMARY,18000000000,policy-warm-mz-lru-warm,2019-11-09 14:14:49.163509360
534,3,3.114039631e+09,2.1317889777e+10,,4.5846635278e+10,running,3.114039631e+09,3.114039631e+09,3.114039631e+09,3.114039631e+09,2.1317889777e+10,2.141470587e+10,Duration of an invocation in various states.,invocation_monitor_time,SUMMARY,18000000000,policy-warm-mz-lru-warm,2019-11-09 14:14:49.163509360
535,3224,33116,47595,84020,1.15963274e+08,,,,,,,,Statistics of scheduler evaluations,workflows_scheduler_eval_time,SUMMARY,18000000000,policy-warm-mz-lru-warm,2019-11-09 14:14:52.163489115
536,1080,2.07989162e+08,4.07933994e+08,,2.61852894074e+11,queued,7.652211e+06,7.65409e+06,8.003869e+06,1.07793039e+08,3.73552241e+08,4.8573773e+08,Duration of an invocation in various states.,invocation_monitor_time,SUMMARY,18000000000,policy-warm-mz-lru-warm,2019-11-09 14:14:52.163489115
537,3,3.114039631e+09,2.1317889777e+10,,4.5846635278e+10,running,3.114039631e+09,3.114039631e+09,3.114039631e+09,3.114039631e+09,2.1317889777e+10,2.141470587e+10,Duration of an invocation in various states.,invocation_monitor_time,SUMMARY,18000000000,policy-warm-mz-lru-warm,2019-11-09 14:14:52.163489115
538,3234,33116,47595,84020,1.16262194e+08,,,,,,,,Statistics of scheduler evaluations,workflows_scheduler_eval_time,SUMMARY,18000000000,policy-warm-mz-lru-warm,2019-11-09 14:14:55.163515197
539,1080,2.07989162e+08,4.07933994e+08,,2.61852894074e+11,queued,7.652211e+06,7.65409e+06,8.003869e+06,1.07793039e+08,3.73552241e+08,4.8573773e+08,Duration of an invocation in various states.,invocation_monitor_time,SUMMARY,18000000000,policy-warm-mz-lru-warm,2019-11-09 14:14:55.163515197
540,10,3.9015417373e+10,3.9416272992e+10,,3.20644801446e+11,running,3.114039631e+09,3.114039631e+09,3.114039631e+09,2.1317889777e+10,3.9322090046e+10,3.9490067615e+10,Duration of an invocation in various states.,invocation_monitor_time,SUMMARY,18000000000,policy-warm-mz-lru-warm,2019-11-09 14:14:55.163515197
541,3240,33116,47595,84020,1.16423772e+08,,,,,,,,Statistics of scheduler evaluations,workflows_scheduler_eval_time,SUMMARY,18000000000,policy-warm-mz-lru-warm,2019-11-09 14:14:58.163528634
542,1080,2.07989162e+08,4.07933994e+08,,2.61852894074e+11,queued,7.652211e+06,7.65409e+06,8.003869e+06,1.07793039e+08,3.73552241e+08,4.8573773e+08,Duration of an invocation in various states.,invocation_monitor_time,SUMMARY,18000000000,policy-warm-mz-lru-warm,2019-11-09 14:14:58.163528634
543,16,3.9120938727e+10,3.9416272992e+10,,5.55756580359e+11,running,3.114039631e+09,3.114039631e+09,3.114039631e+09,3.9015158741e+10,3.9415273617e+10,3.9490067615e+10,Duration of an invocation in various states.,invocation_monitor_time,SUMMARY,18000000000,policy-warm-mz-lru-warm,2019-11-09 14:14:58.163528634
544,3240,33116,47595,84020,1.16423772e+08,,,,,,,,Statistics of scheduler evaluations,workflows_scheduler_eval_time,SUMMARY,18000000000,policy-warm-mz-lru-warm,2019-11-09 14:15:01.163490993
545,1080,2.07989162e+08,4.07933994e+08,,2.61852894074e+11,queued,7.652211e+06,7.65409e+06,8.003869e+06,1.07793039e+08,3.73552241e+08,4.8573773e+08,Duration of an invocation in various states.,invocation_monitor_time,SUMMARY,18000000000,policy-warm-mz-lru-warm,2019-11-09 14:15:01.163490993
546,16,3.9120938727e+10,3.9416272992e+10,,5.55756580359e+11,running,3.114039631e+09,3.114039631e+09,3.114039631e+09,3.9015158741e+10,3.9415273617e+10,3.9490067615e+10,Duration of an invocation in various states.,invocation_monitor_time,SUMMARY,18000000000,policy-warm-mz-lru-warm,2019-11-09 14:15:01.163490993
547,3240,33116,47595,84020,1.16423772e+08,,,,,,,,Statistics of scheduler evaluations,workflows_scheduler_eval_time,SUMMARY,18000000000,policy-warm-mz-lru-warm,2019-11-09 14:15:04.163487665
548,1080,2.07989162e+08,4.07933994e+08,,2.61852894074e+11,queued,7.652211e+06,7.65409e+06,8.003869e+06,1.07793039e+08,3.73552241e+08,4.8573773e+08,Duration of an invocation in various states.,invocation_monitor_time,SUMMARY,18000000000,policy-warm-mz-lru-warm,2019-11-09 14:15:04.163487665
549,16,3.9120938727e+10,3.9416272992e+10,,5.55756580359e+11,running,3.114039631e+09,3.114039631e+09,3.114039631e+09,3.9015158741e+10,3.9415273617e+10,3.9490067615e+10,Duration of an invocation in various states.,invocation_monitor_time,SUMMARY,18000000000,policy-warm-mz-lru-warm,2019-11-09 14:15:04.163487665
550,3240,33116,47595,84020,1.16423772e+08,,,,,,,,Statistics of scheduler evaluations,workflows_scheduler_eval_time,SUMMARY,18000000000,policy-warm-mz-lru-warm,2019-11-09 14:15:07.163484835
551,1080,2.07989162e+08,4.07933994e+08,,2.61852894074e+11,queued,7.652211e+06,7.65409e+06,8.003869e+06,1.07793039e+08,3.73552241e+08,4.8573773e+08,Duration of an invocation in various states.,invocation_monitor_time,SUMMARY,18000000000,policy-warm-mz-lru-warm,2019-11-09 14:15:07.163484835
552,16,3.9120938727e+10,3.9416272992e+10,,5.55756580359e+11,running,3.114039631e+09,3.114039631e+09,3.114039631e+09,3.9015158741e+10,3.9415273617e+10,3.9490067615e+10,Duration of an invocation in various states.,invocation_monitor_time,SUMMARY,18000000000,policy-warm-mz-lru-warm,2019-11-09 14:15:07.163484835
553,3240,33116,47595,84020,1.16423772e+08,,,,,,,,Statistics of scheduler evaluations,workflows_scheduler_eval_time,SUMMARY,18000000000,policy-warm-mz-lru-warm,2019-11-09 14:15:10.163489365
554,1080,2.07989162e+08,4.07933994e+08,,2.61852894074e+11,queued,7.652211e+06,7.65409e+06,8.003869e+06,1.07793039e+08,3.73552241e+08,4.8573773e+08,Duration of an invocation in various states.,invocation_monitor_time,SUMMARY,18000000000,policy-warm-mz-lru-warm,2019-11-09 14:15:10.163489365
555,16,3.9120938727e+10,3.9416272992e+10,,5.55756580359e+11,running,3.114039631e+09,3.114039631e+09,3.114039631e+09,3.9015158741e+10,3.9415273617e+10,3.9490067615e+10,Duration of an invocation in various states.,invocation_monitor_time,SUMMARY,18000000000,policy-warm-mz-lru-warm,2019-11-09 14:15:10.163489365
556,3240,33116,47595,84020,1.16423772e+08,,,,,,,,Statistics of scheduler evaluations,workflows_scheduler_eval_time,SUMMARY,18000000000,policy-warm-mz-lru-warm,2019-11-09 14:15:13.163496226
557,1080,2.07989162e+08,4.07933994e+08,,2.61852894074e+11,queued,7.652211e+06,7.65409e+06,8.003869e+06,1.07793039e+08,3.73552241e+08,4.8573773e+08,Duration of an invocation in various states.,invocation_monitor_time,SUMMARY,18000000000,policy-warm-mz-lru-warm,2019-11-09 14:15:13.163496226
558,24,3.9415273617e+10,5.7221232834e+10,,1.013636340514e+12,running,3.114039631e+09,3.114039631e+09,2.1317889777e+10,3.9015417373e+10,5.712793267e+10,5.7421426581e+10,Duration of an invocation in various states.,invocation_monitor_time,SUMMARY,18000000000,policy-warm-mz-lru-warm,2019-11-09 14:15:13.163496226
559,3240,33116,47595,84020,1.16423772e+08,,,,,,,,Statistics of scheduler evaluations,workflows_scheduler_eval_time,SUMMARY,18000000000,policy-warm-mz-lru-warm,2019-11-09 14:15:16.163510503
560,1080,2.07989162e+08,4.07933994e+08,,2.61852894074e+11,queued,7.652211e+06,7.65409e+06,8.003869e+06,1.07793039e+08,3.73552241e+08,4.8573773e+08,Duration of an invocation in various states.,invocation_monitor_time,SUMMARY,18000000000,policy-warm-mz-lru-warm,2019-11-09 14:15:16.163510503
561,30,3.9421458558e+10,5.7326176532e+10,,1.35706533063e+12,running,3.114039631e+09,3.114039631e+09,2.141470587e+10,3.901578655e+10,5.7216175034e+10,5.7421426581e+10,Duration of an invocation in various states.,invocation_monitor_time,SUMMARY,18000000000,policy-warm-mz-lru-warm,2019-11-09 14:15:16.163510503
562,3348,32920,48973,84020,1.20468855e+08,,,,,,,,Statistics of scheduler evaluations,workflows_scheduler_eval_time,SUMMARY,19000000000,policy-warm-mz-lru-warm,2019-11-09 14:16:28.678873757
563,1126,2.60120019e+08,4.60148489e+08,,2.73238952744e+11,queued,7.652211e+06,7.65409e+06,6.0132269e+07,1.07793039e+08,3.70438028e+08,4.8573773e+08,Duration of an invocation in various states.,invocation_monitor_time,SUMMARY,19000000000,policy-warm-mz-lru-warm,2019-11-09 14:16:28.678873757
564,3364,32920,48973,83801,1.21160005e+08,,,,,,,,Statistics of scheduler evaluations,workflows_scheduler_eval_time,SUMMARY,19000000000,policy-warm-mz-lru-warm,2019-11-09 14:16:31.678880018
565,1140,2.60118866e+08,4.08145525e+08,,2.76251056775e+11,queued,7.652211e+06,7.65409e+06,8.089366e+06,1.07793039e+08,3.70434339e+08,4.8573773e+08,Duration of an invocation in various states.,invocation_monitor_time,SUMMARY,19000000000,policy-warm-mz-lru-warm,2019-11-09 14:16:31.678880018
566,1,3.214616148e+09,3.214616148e+09,,3.214616148e+09,running,3.214616148e+09,3.214616148e+09,3.214616148e+09,3.214616148e+09,3.214616148e+09,3.214616148e+09,Duration of an invocation in various states.,invocation_monitor_time,SUMMARY,19000000000,policy-warm-mz-lru-warm,2019-11-09 14:16:31.678880018
567,3365,32920,48973,83801,1.21193668e+08,,,,,,,,Statistics of scheduler evaluations,workflows_scheduler_eval_time,SUMMARY,19000000000,policy-warm-mz-lru-warm,2019-11-09 14:16:34.678907270
568,1140,2.60118866e+08,4.08145525e+08,,2.76251056775e+11,queued,7.652211e+06,7.65409e+06,8.089366e+06,1.07793039e+08,3.70434339e+08,4.8573773e+08,Duration of an invocation in various states.,invocation_monitor_time,SUMMARY,19000000000,policy-warm-mz-lru-warm,2019-11-09 14:16:34.678907270
569,1,3.214616148e+09,3.214616148e+09,,3.214616148e+09,running,3.214616148e+09,3.214616148e+09,3.214616148e+09,3.214616148e+09,3.214616148e+09,3.214616148e+09,Duration of an invocation in various states.,invocation_monitor_time,SUMMARY,19000000000,policy-warm-mz-lru-warm,2019-11-09 14:16:34.678907270
570,3365,32920,48973,83801,1.21193668e+08,,,,,,,,Statistics of scheduler evaluations,workflows_scheduler_eval_time,SUMMARY,19000000000,policy-warm-mz-lru-warm,2019-11-09 14:16:37.678891833
571,1140,2.60118866e+08,4.08145525e+08,,2.76251056775e+11,queued,7.652211e+06,7.65409e+06,8.089366e+06,1.07793039e+08,3.70434339e+08,4.8573773e+08,Duration of an invocation in various states.,invocation_monitor_time,SUMMARY,19000000000,policy-warm-mz-lru-warm,2019-11-09 14:16:37.678891833
572,1,3.214616148e+09,3.214616148e+09,,3.214616148e+09,running,3.214616148e+09,3.214616148e+09,3.214616148e+09,3.214616148e+09,3.214616148e+09,3.214616148e+09,Duration of an invocation in various states.,invocation_monitor_time,SUMMARY,19000000000,policy-warm-mz-lru-warm,2019-11-09 14:16:37.678891833
573,3365,32920,48973,83801,1.21193668e+08,,,,,,,,Statistics of scheduler evaluations,workflows_scheduler_eval_time,SUMMARY,19000000000,policy-warm-mz-lru-warm,2019-11-09 14:16:40.678873539
574,1140,2.60118866e+08,4.08145525e+08,,2.76251056775e+11,queued,7.652211e+06,7.65409e+06,8.089366e+06,1.07793039e+08,3.70434339e+08,4.8573773e+08,Duration of an invocation in various states.,invocation_monitor_time,SUMMARY,19000000000,policy-warm-mz-lru-warm,2019-11-09 14:16:40.678873539
575,1,3.214616148e+09,3.214616148e+09,,3.214616148e+09,running,3.214616148e+09,3.214616148e+09,3.214616148e+09,3.214616148e+09,3.214616148e+09,3.214616148e+09,Duration of an invocation in various states.,invocation_monitor_time,SUMMARY,19000000000,policy-warm-mz-lru-warm,2019-11-09 14:16:40.678873539
576,3365,32920,48973,83801,1.21193668e+08,,,,,,,,Statistics of scheduler evaluations,workflows_scheduler_eval_time,SUMMARY,19000000000,policy-warm-mz-lru-warm,2019-11-09 14:16:43.678970686
577,1140,2.60118866e+08,4.08145525e+08,,2.76251056775e+11,queued,7.652211e+06,7.65409e+06,8.089366e+06,1.07793039e+08,3.70434339e+08,4.8573773e+08,Duration of an invocation in various states.,invocation_monitor_time,SUMMARY,19000000000,policy-warm-mz-lru-warm,2019-11-09 14:16:43.678970686
578,1,3.214616148e+09,3.214616148e+09,,3.214616148e+09,running,3.214616148e+09,3.214616148e+09,3.214616148e+09,3.214616148e+09,3.214616148e+09,3.214616148e+09,Duration of an invocation in various states.,invocation_monitor_time,SUMMARY,19000000000,policy-warm-mz-lru-warm,2019-11-09 14:16:43.678970686
579,3371,32920,48973,83801,1.2145909e+08,,,,,,,,Statistics of scheduler evaluations,workflows_scheduler_eval_time,SUMMARY,19000000000,policy-warm-mz-lru-warm,2019-11-09 14:16:46.678940607
580,1140,2.60118866e+08,4.08145525e+08,,2.76251056775e+11,queued,7.652211e+06,7.65409e+06,8.089366e+06,1.07793039e+08,3.70434339e+08,4.8573773e+08,Duration of an invocation in various states.,invocation_monitor_time,SUMMARY,19000000000,policy-warm-mz-lru-warm,2019-11-09 14:16:46.678940607
581,1,3.214616148e+09,3.214616148e+09,,3.214616148e+09,running,3.214616148e+09,3.214616148e+09,3.214616148e+09,3.214616148e+09,3.214616148e+09,3.214616148e+09,Duration of an invocation in various states.,invocation_monitor_time,SUMMARY,19000000000,policy-warm-mz-lru-warm,2019-11-09 14:16:46.678940607
582,3387,32920,48973,83801,1.22036115e+08,,,,,,,,Statistics of scheduler evaluations,workflows_scheduler_eval_time,SUMMARY,19000000000,policy-warm-mz-lru-warm,2019-11-09 14:16:49.678857385
583,1140,2.60118866e+08,4.08145525e+08,,2.76251056775e+11,queued,7.652211e+06,7.65409e+06,8.089366e+06,1.07793039e+08,3.70434339e+08,4.8573773e+08,Duration of an invocation in various states.,invocation_monitor_time,SUMMARY,19000000000,policy-warm-mz-lru-warm,2019-11-09 14:16:49.678857385
584,2,3.214616148e+09,3.214616148e+09,,2.5330987295e+10,running,3.214616148e+09,3.214616148e+09,3.214616148e+09,3.214616148e+09,3.214616148e+09,2.2116371147e+10,Duration of an invocation in various states.,invocation_monitor_time,SUMMARY,19000000000,policy-warm-mz-lru-warm,2019-11-09 14:16:49.678857385
585,3399,32920,48973,83801,1.22452711e+08,,,,,,,,Statistics of scheduler evaluations,workflows_scheduler_eval_time,SUMMARY,19000000000,policy-warm-mz-lru-warm,2019-11-09 14:16:52.678893251
586,1140,2.60118866e+08,4.08145525e+08,,2.76251056775e+11,queued,7.652211e+06,7.65409e+06,8.089366e+06,1.07793039e+08,3.70434339e+08,4.8573773e+08,Duration of an invocation in various states.,invocation_monitor_time,SUMMARY,19000000000,policy-warm-mz-lru-warm,2019-11-09 14:16:52.678893251
587,3,3.214616148e+09,2.2116371147e+10,,4.7449035673e+10,running,3.214616148e+09,3.214616148e+09,3.214616148e+09,3.214616148e+09,2.2116371147e+10,2.2118048378e+10,Duration of an invocation in various states.,invocation_monitor_time,SUMMARY,19000000000,policy-warm-mz-lru-warm,2019-11-09 14:16:52.678893251
588,3399,32920,48973,83801,1.22452711e+08,,,,,,,,Statistics of scheduler evaluations,workflows_scheduler_eval_time,SUMMARY,19000000000,policy-warm-mz-lru-warm,2019-11-09 14:16:55.678879185
589,1140,2.60118866e+08,4.08145525e+08,,2.76251056775e+11,queued,7.652211e+06,7.65409e+06,8.089366e+06,1.07793039e+08,3.70434339e+08,4.8573773e+08,Duration of an invocation in various states.,invocation_monitor_time,SUMMARY,19000000000,policy-warm-mz-lru-warm,2019-11-09 14:16:55.678879185
590,3,3.214616148e+09,2.2116371147e+10,,4.7449035673e+10,running,3.214616148e+09,3.214616148e+09,3.214616148e+09,3.214616148e+09,2.2116371147e+10,2.2118048378e+10,Duration of an invocation in various states.,invocation_monitor_time,SUMMARY,19000000000,policy-warm-mz-lru-warm,2019-11-09 14:16:55.678879185
591,3399,32920,48973,83801,1.22452711e+08,,,,,,,,Statistics of scheduler evaluations,workflows_scheduler_eval_time,SUMMARY,19000000000,policy-warm-mz-lru-warm,2019-11-09 14:16:58.678891083
592,1140,2.60118866e+08,4.08145525e+08,,2.76251056775e+11,queued,7.652211e+06,7.65409e+06,8.089366e+06,1.07793039e+08,3.70434339e+08,4.8573773e+08,Duration of an invocation in various states.,invocation_monitor_time,SUMMARY,19000000000,policy-warm-mz-lru-warm,2019-11-09 14:16:58.678891083
593,3,3.214616148e+09,2.2116371147e+10,,4.7449035673e+10,running,3.214616148e+09,3.214616148e+09,3.214616148e+09,3.214616148e+09,2.2116371147e+10,2.2118048378e+10,Duration of an invocation in various states.,invocation_monitor_time,SUMMARY,19000000000,policy-warm-mz-lru-warm,2019-11-09 14:16:58.678891083
594,3399,32920,48973,83801,1.22452711e+08,,,,,,,,Statistics of scheduler evaluations,workflows_scheduler_eval_time,SUMMARY,19000000000,policy-warm-mz-lru-warm,2019-11-09 14:17:01.678906619
595,1140,2.60118866e+08,4.08145525e+08,,2.76251056775e+11,queued,7.652211e+06,7.65409e+06,8.089366e+06,1.07793039e+08,3.70434339e+08,4.8573773e+08,Duration of an invocation in various states.,invocation_monitor_time,SUMMARY,19000000000,policy-warm-mz-lru-warm,2019-11-09 14:17:01.678906619
596,3,3.214616148e+09,2.2116371147e+10,,4.7449035673e+10,running,3.214616148e+09,3.214616148e+09,3.214616148e+09,3.214616148e+09,2.2116371147e+10,2.2118048378e+10,Duration of an invocation in various states.,invocation_monitor_time,SUMMARY,19000000000,policy-warm-mz-lru-warm,2019-11-09 14:17:01.678906619
597,3399,32920,48973,83801,1.22452711e+08,,,,,,,,Statistics of scheduler evaluations,workflows_scheduler_eval_time,SUMMARY,19000000000,policy-warm-mz-lru-warm,2019-11-09 14:17:04.678871075
598,1140,2.60118866e+08,4.08145525e+08,,2.76251056775e+11,queued,7.652211e+06,7.65409e+06,8.089366e+06,1.07793039e+08,3.70434339e+08,4.8573773e+08,Duration of an invocation in various states.,invocation_monitor_time,SUMMARY,19000000000,policy-warm-mz-lru-warm,2019-11-09 14:17:04.678871075
599,3,3.214616148e+09,2.2116371147e+10,,4.7449035673e+10,running,3.214616148e+09,3.214616148e+09,3.214616148e+09,3.214616148e+09,2.2116371147e+10,2.2118048378e+10,Duration of an invocation in various states.,invocation_monitor_time,SUMMARY,19000000000,policy-warm-mz-lru-warm,2019-11-09 14:17:04.678871075
600,3406,32920,48973,83801,1.22677799e+08,,,,,,,,Statistics of scheduler evaluations,workflows_scheduler_eval_time,SUMMARY,19000000000,policy-warm-mz-lru-warm,2019-11-09 14:17:07.678866576
601,1140,2.60118866e+08,4.08145525e+08,,2.76251056775e+11,queued,7.652211e+06,7.65409e+06,8.089366e+06,1.07793039e+08,3.70434339e+08,4.8573773e+08,Duration of an invocation in various states.,invocation_monitor_time,SUMMARY,19000000000,policy-warm-mz-lru-warm,2019-11-09 14:17:07.678866576
602,6,2.2118048378e+10,4.1321837572e+10,,1.71315662811e+11,running,3.214616148e+09,3.214616148e+09,3.214616148e+09,3.214616148e+09,4.1120905618e+10,4.1423883948e+10,Duration of an invocation in various states.,invocation_monitor_time,SUMMARY,19000000000,policy-warm-mz-lru-warm,2019-11-09 14:17:07.678866576
603,3417,32920,48973,83801,1.23046604e+08,,,,,,,,Statistics of scheduler evaluations,workflows_scheduler_eval_time,SUMMARY,19000000000,policy-warm-mz-lru-warm,2019-11-09 14:17:10.678894858
604,1140,2.60118866e+08,4.08145525e+08,,2.76251056775e+11,queued,7.652211e+06,7.65409e+06,8.089366e+06,1.07793039e+08,3.70434339e+08,4.8573773e+08,Duration of an invocation in various states.,invocation_monitor_time,SUMMARY,19000000000,policy-warm-mz-lru-warm,2019-11-09 14:17:10.678894858
605,10,4.1120905618e+10,4.1415984474e+10,,3.3638898971e+11,running,3.214616148e+09,3.214616148e+09,3.214616148e+09,2.2116371147e+10,4.1321837572e+10,4.1423883948e+10,Duration of an invocation in various states.,invocation_monitor_time,SUMMARY,19000000000,policy-warm-mz-lru-warm,2019-11-09 14:17:10.678894858
606,3420,32920,48973,83801,1.23125054e+08,,,,,,,,Statistics of scheduler evaluations,workflows_scheduler_eval_time,SUMMARY,19000000000,policy-warm-mz-lru-warm,2019-11-09 14:17:13.678875246
607,1140,2.60118866e+08,4.08145525e+08,,2.76251056775e+11,queued,7.652211e+06,7.65409e+06,8.089366e+06,1.07793039e+08,3.70434339e+08,4.8573773e+08,Duration of an invocation in various states.,invocation_monitor_time,SUMMARY,19000000000,policy-warm-mz-lru-warm,2019-11-09 14:17:13.678875246
608,13,4.1120905618e+10,4.1415984474e+10,,4.60037983414e+11,running,3.214616148e+09,3.214616148e+09,3.214616148e+09,2.2118048378e+10,4.1321837572e+10,4.1423883948e+10,Duration of an invocation in various states.,invocation_monitor_time,SUMMARY,19000000000,policy-warm-mz-lru-warm,2019-11-09 14:17:13.678875246
609,3420,32920,48973,83801,1.23125054e+08,,,,,,,,Statistics of scheduler evaluations,workflows_scheduler_eval_time,SUMMARY,19000000000,policy-warm-mz-lru-warm,2019-11-09 14:17:16.678880675
610,1140,2.60118866e+08,4.08145525e+08,,2.76251056775e+11,queued,7.652211e+06,7.65409e+06,8.089366e+06,1.07793039e+08,3.70434339e+08,4.8573773e+08,Duration of an invocation in various states.,invocation_monitor_time,SUMMARY,19000000000,policy-warm-mz-lru-warm,2019-11-09 14:17:16.678880675
611,13,4.1120905618e+10,4.1415984474e+10,,4.60037983414e+11,running,3.214616148e+09,3.214616148e+09,3.214616148e+09,2.2118048378e+10,4.1321837572e+10,4.1423883948e+10,Duration of an invocation in various states.,invocation_monitor_time,SUMMARY,19000000000,policy-warm-mz-lru-warm,2019-11-09 14:17:16.678880675
612,3420,32920,48973,83801,1.23125054e+08,,,,,,,,Statistics of scheduler evaluations,workflows_scheduler_eval_time,SUMMARY,19000000000,policy-warm-mz-lru-warm,2019-11-09 14:17:19.678880676
613,1140,2.60118866e+08,4.08145525e+08,,2.76251056775e+11,queued,7.652211e+06,7.65409e+06,8.089366e+06,1.07793039e+08,3.70434339e+08,4.8573773e+08,Duration of an invocation in various states.,invocation_monitor_time,SUMMARY,19000000000,policy-warm-mz-lru-warm,2019-11-09 14:17:19.678880676
614,13,4.1120905618e+10,4.1415984474e+10,,4.60037983414e+11,running,3.214616148e+09,3.214616148e+09,3.214616148e+09,2.2118048378e+10,4.1321837572e+10,4.1423883948e+10,Duration of an invocation in various states.,invocation_monitor_time,SUMMARY,19000000000,policy-warm-mz-lru-warm,2019-11-09 14:17:19.678880676
615,3420,32920,48973,83801,1.23125054e+08,,,,,,,,Statistics of scheduler evaluations,workflows_scheduler_eval_time,SUMMARY,19000000000,policy-warm-mz-lru-warm,2019-11-09 14:17:22.678911322
616,1140,2.60118866e+08,4.08145525e+08,,2.76251056775e+11,queued,7.652211e+06,7.65409e+06,8.089366e+06,1.07793039e+08,3.70434339e+08,4.8573773e+08,Duration of an invocation in various states.,invocation_monitor_time,SUMMARY,19000000000,policy-warm-mz-lru-warm,2019-11-09 14:17:22.678911322
617,13,4.1120905618e+10,4.1415984474e+10,,4.60037983414e+11,running,3.214616148e+09,3.214616148e+09,3.214616148e+09,2.2118048378e+10,4.1321837572e+10,4.1423883948e+10,Duration of an invocation in various states.,invocation_monitor_time,SUMMARY,19000000000,policy-warm-mz-lru-warm,2019-11-09 14:17:22.678911322
618,3420,32920,48973,83801,1.23125054e+08,,,,,,,,Statistics of scheduler evaluations,workflows_scheduler_eval_time,SUMMARY,19000000000,policy-warm-mz-lru-warm,2019-11-09 14:17:25.678871848
619,1140,2.60118866e+08,4.08145525e+08,,2.76251056775e+11,queued,7.652211e+06,7.65409e+06,8.089366e+06,1.07793039e+08,3.70434339e+08,4.8573773e+08,Duration of an invocation in various states.,invocation_monitor_time,SUMMARY,19000000000,policy-warm-mz-lru-warm,2019-11-09 14:17:25.678871848
620,13,4.1120905618e+10,4.1415984474e+10,,4.60037983414e+11,running,3.214616148e+09,3.214616148e+09,3.214616148e+09,2.2118048378e+10,4.1321837572e+10,4.1423883948e+10,Duration of an invocation in various states.,invocation_monitor_time,SUMMARY,19000000000,policy-warm-mz-lru-warm,2019-11-09 14:17:25.678871848
621,3420,32920,48973,83801,1.23125054e+08,,,,,,,,Statistics of scheduler evaluations,workflows_scheduler_eval_time,SUMMARY,19000000000,policy-warm-mz-lru-warm,2019-11-09 14:17:28.678975970
622,1140,2.60118866e+08,4.08145525e+08,,2.76251056775e+11,queued,7.652211e+06,7.65409e+06,8.089366e+06,1.07793039e+08,3.70434339e+08,4.8573773e+08,Duration of an invocation in various states.,invocation_monitor_time,SUMMARY,19000000000,policy-warm-mz-lru-warm,2019-11-09 14:17:28.678975970
623,22,4.1415984474e+10,6.0228690053e+10,,1.001901391374e+12,running,3.214616148e+09,3.214616148e+09,2.2116371147e+10,4.1015824206e+10,6.0028048275e+10,6.0480558885e+10,Duration of an invocation in various states.,invocation_monitor_time,SUMMARY,19000000000,policy-warm-mz-lru-warm,2019-11-09 14:17:28.678975970
624,3420,32920,48973,83801,1.23125054e+08,,,,,,,,Statistics of scheduler evaluations,workflows_scheduler_eval_time,SUMMARY,19000000000,policy-warm-mz-lru-warm,2019-11-09 14:17:31.678923045
625,1140,2.60118866e+08,4.08145525e+08,,2.76251056775e+11,queued,7.652211e+06,7.65409e+06,8.089366e+06,1.07793039e+08,3.70434339e+08,4.8573773e+08,Duration of an invocation in various states.,invocation_monitor_time,SUMMARY,19000000000,policy-warm-mz-lru-warm,2019-11-09 14:17:31.678923045
626,30,6.0018154641e+10,6.0417511961e+10,,1.483972439576e+12,running,3.214616148e+09,3.214616148e+09,2.2118048378e+10,4.1216809597e+10,6.0218553255e+10,6.0480558885e+10,Duration of an invocation in various states.,invocation_monitor_time,SUMMARY,19000000000,policy-warm-mz-lru-warm,2019-11-09 14:17:31.678923045
627,3527,33415,51364,83801,1.27312663e+08,,,,,,,,Statistics of scheduler evaluations,workflows_scheduler_eval_time,SUMMARY,20000000000,policy-warm-mz-lru-warm,2019-11-09 14:18:47.192724664
628,1186,2.51139134e+08,4.51141078e+08,,2.87357797947e+11,queued,7.652211e+06,7.660235e+06,8.233274e+06,1.07835395e+08,3.65531196e+08,4.8573773e+08,Duration of an invocation in various states.,invocation_monitor_time,SUMMARY,20000000000,policy-warm-mz-lru-warm,2019-11-09 14:18:47.192724664
629,3545,33415,51364,83801,1.28036756e+08,,,,,,,,Statistics of scheduler evaluations,workflows_scheduler_eval_time,SUMMARY,20000000000,policy-warm-mz-lru-warm,2019-11-09 14:18:50.192723132
630,1200,2.51126415e+08,4.46818593e+08,,2.90472287916e+11,queued,7.652211e+06,7.660235e+06,8.233274e+06,1.07855065e+08,3.65530914e+08,4.8573773e+08,Duration of an invocation in various states.,invocation_monitor_time,SUMMARY,20000000000,policy-warm-mz-lru-warm,2019-11-09 14:18:50.192723132
631,3545,33415,51364,83801,1.28036756e+08,,,,,,,,Statistics of scheduler evaluations,workflows_scheduler_eval_time,SUMMARY,20000000000,policy-warm-mz-lru-warm,2019-11-09 14:18:53.192689287
632,1200,2.51126415e+08,4.46818593e+08,,2.90472287916e+11,queued,7.652211e+06,7.660235e+06,8.233274e+06,1.07855065e+08,3.65530914e+08,4.8573773e+08,Duration of an invocation in various states.,invocation_monitor_time,SUMMARY,20000000000,policy-warm-mz-lru-warm,2019-11-09 14:18:53.192689287
633,3545,33415,51364,83801,1.28036756e+08,,,,,,,,Statistics of scheduler evaluations,workflows_scheduler_eval_time,SUMMARY,20000000000,policy-warm-mz-lru-warm,2019-11-09 14:18:56.192699224
634,1200,2.51126415e+08,4.46818593e+08,,2.90472287916e+11,queued,7.652211e+06,7.660235e+06,8.233274e+06,1.07855065e+08,3.65530914e+08,4.8573773e+08,Duration of an invocation in various states.,invocation_monitor_time,SUMMARY,20000000000,policy-warm-mz-lru-warm,2019-11-09 14:18:56.192699224
635,3545,33415,51364,83801,1.28036756e+08,,,,,,,,Statistics of scheduler evaluations,workflows_scheduler_eval_time,SUMMARY,20000000000,policy-warm-mz-lru-warm,2019-11-09 14:18:59.192701339
636,1200,2.51126415e+08,4.46818593e+08,,2.90472287916e+11,queued,7.652211e+06,7.660235e+06,8.233274e+06,1.07855065e+08,3.65530914e+08,4.8573773e+08,Duration of an invocation in various states.,invocation_monitor_time,SUMMARY,20000000000,policy-warm-mz-lru-warm,2019-11-09 14:18:59.192701339
637,3545,33415,51364,83801,1.28036756e+08,,,,,,,,Statistics of scheduler evaluations,workflows_scheduler_eval_time,SUMMARY,20000000000,policy-warm-mz-lru-warm,2019-11-09 14:19:02.192716828
638,1200,2.51126415e+08,4.46818593e+08,,2.90472287916e+11,queued,7.652211e+06,7.660235e+06,8.233274e+06,1.07855065e+08,3.65530914e+08,4.8573773e+08,Duration of an invocation in various states.,invocation_monitor_time,SUMMARY,20000000000,policy-warm-mz-lru-warm,2019-11-09 14:19:02.192716828
639,3545,33415,51364,83801,1.28036756e+08,,,,,,,,Statistics of scheduler evaluations,workflows_scheduler_eval_time,SUMMARY,20000000000,policy-warm-mz-lru-warm,2019-11-09 14:19:05.192722365
640,1200,2.51126415e+08,4.46818593e+08,,2.90472287916e+11,queued,7.652211e+06,7.660235e+06,8.233274e+06,1.07855065e+08,3.65530914e+08,4.8573773e+08,Duration of an invocation in various states.,invocation_monitor_time,SUMMARY,20000000000,policy-warm-mz-lru-warm,2019-11-09 14:19:05.192722365
641,3560,33415,51364,83801,1.28626743e+08,,,,,,,,Statistics of scheduler evaluations,workflows_scheduler_eval_time,SUMMARY,20000000000,policy-warm-mz-lru-warm,2019-11-09 14:19:08.192686462
642,1200,2.51126415e+08,4.46818593e+08,,2.90472287916e+11,queued,7.652211e+06,7.660235e+06,8.233274e+06,1.07855065e+08,3.65530914e+08,4.8573773e+08,Duration of an invocation in various states.,invocation_monitor_time,SUMMARY,20000000000,policy-warm-mz-lru-warm,2019-11-09 14:19:08.192686462
643,3577,33415,51364,83425,1.2922446e+08,,,,,,,,Statistics of scheduler evaluations,workflows_scheduler_eval_time,SUMMARY,20000000000,policy-warm-mz-lru-warm,2019-11-09 14:19:11.192693400
644,1200,2.51126415e+08,4.46818593e+08,,2.90472287916e+11,queued,7.652211e+06,7.660235e+06,8.233274e+06,1.07855065e+08,3.65530914e+08,4.8573773e+08,Duration of an invocation in various states.,invocation_monitor_time,SUMMARY,20000000000,policy-warm-mz-lru-warm,2019-11-09 14:19:11.192693400
645,1,2.3414881123e+10,2.3414881123e+10,,2.3414881123e+10,running,2.3414881123e+10,2.3414881123e+10,2.3414881123e+10,2.3414881123e+10,2.3414881123e+10,2.3414881123e+10,Duration of an invocation in various states.,invocation_monitor_time,SUMMARY,20000000000,policy-warm-mz-lru-warm,2019-11-09 14:19:11.192693400
646,3580,33415,51364,83425,1.29344022e+08,,,,,,,,Statistics of scheduler evaluations,workflows_scheduler_eval_time,SUMMARY,20000000000,policy-warm-mz-lru-warm,2019-11-09 14:19:14.192709537
647,1200,2.51126415e+08,4.46818593e+08,,2.90472287916e+11,queued,7.652211e+06,7.660235e+06,8.233274e+06,1.07855065e+08,3.65530914e+08,4.8573773e+08,Duration of an invocation in various states.,invocation_monitor_time,SUMMARY,20000000000,policy-warm-mz-lru-warm,2019-11-09 14:19:14.192709537
648,3,2.3015642426e+10,2.3414881123e+10,,6.9846659555e+10,running,2.3015642426e+10,2.3015642426e+10,2.3015642426e+10,2.3015642426e+10,2.3414881123e+10,2.3416136006e+10,Duration of an invocation in various states.,invocation_monitor_time,SUMMARY,20000000000,policy-warm-mz-lru-warm,2019-11-09 14:19:14.192709537
649,3580,33415,51364,83425,1.29344022e+08,,,,,,,,Statistics of scheduler evaluations,workflows_scheduler_eval_time,SUMMARY,20000000000,policy-warm-mz-lru-warm,2019-11-09 14:19:17.192724444
650,1200,2.51126415e+08,4.46818593e+08,,2.90472287916e+11,queued,7.652211e+06,7.660235e+06,8.233274e+06,1.07855065e+08,3.65530914e+08,4.8573773e+08,Duration of an invocation in various states.,invocation_monitor_time,SUMMARY,20000000000,policy-warm-mz-lru-warm,2019-11-09 14:19:17.192724444
651,3,2.3015642426e+10,2.3414881123e+10,,6.9846659555e+10,running,2.3015642426e+10,2.3015642426e+10,2.3015642426e+10,2.3015642426e+10,2.3414881123e+10,2.3416136006e+10,Duration of an invocation in various states.,invocation_monitor_time,SUMMARY,20000000000,policy-warm-mz-lru-warm,2019-11-09 14:19:17.192724444
652,3580,33415,51364,83425,1.29344022e+08,,,,,,,,Statistics of scheduler evaluations,workflows_scheduler_eval_time,SUMMARY,20000000000,policy-warm-mz-lru-warm,2019-11-09 14:19:20.192699976
653,1200,2.51126415e+08,4.46818593e+08,,2.90472287916e+11,queued,7.652211e+06,7.660235e+06,8.233274e+06,1.07855065e+08,3.65530914e+08,4.8573773e+08,Duration of an invocation in various states.,invocation_monitor_time,SUMMARY,20000000000,policy-warm-mz-lru-warm,2019-11-09 14:19:20.192699976
654,3,2.3015642426e+10,2.3414881123e+10,,6.9846659555e+10,running,2.3015642426e+10,2.3015642426e+10,2.3015642426e+10,2.3015642426e+10,2.3414881123e+10,2.3416136006e+10,Duration of an invocation in various states.,invocation_monitor_time,SUMMARY,20000000000,policy-warm-mz-lru-warm,2019-11-09 14:19:20.192699976
655,3580,33415,51364,83425,1.29344022e+08,,,,,,,,Statistics of scheduler evaluations,workflows_scheduler_eval_time,SUMMARY,20000000000,policy-warm-mz-lru-warm,2019-11-09 14:19:23.192713018
656,1200,2.51126415e+08,4.46818593e+08,,2.90472287916e+11,queued,7.652211e+06,7.660235e+06,8.233274e+06,1.07855065e+08,3.65530914e+08,4.8573773e+08,Duration of an invocation in various states.,invocation_monitor_time,SUMMARY,20000000000,policy-warm-mz-lru-warm,2019-11-09 14:19:23.192713018
657,3,2.3015642426e+10,2.3414881123e+10,,6.9846659555e+10,running,2.3015642426e+10,2.3015642426e+10,2.3015642426e+10,2.3015642426e+10,2.3414881123e+10,2.3416136006e+10,Duration of an invocation in various states.,invocation_monitor_time,SUMMARY,20000000000,policy-warm-mz-lru-warm,2019-11-09 14:19:23.192713018
658,3580,33415,51364,83425,1.29344022e+08,,,,,,,,Statistics of scheduler evaluations,workflows_scheduler_eval_time,SUMMARY,20000000000,policy-warm-mz-lru-warm,2019-11-09 14:19:26.192692143
659,1200,2.51126415e+08,4.46818593e+08,,2.90472287916e+11,queued,7.652211e+06,7.660235e+06,8.233274e+06,1.07855065e+08,3.65530914e+08,4.8573773e+08,Duration of an invocation in various states.,invocation_monitor_time,SUMMARY,20000000000,policy-warm-mz-lru-warm,2019-11-09 14:19:26.192692143
660,3,2.3015642426e+10,2.3414881123e+10,,6.9846659555e+10,running,2.3015642426e+10,2.3015642426e+10,2.3015642426e+10,2.3015642426e+10,2.3414881123e+10,2.3416136006e+10,Duration of an invocation in various states.,invocation_monitor_time,SUMMARY,20000000000,policy-warm-mz-lru-warm,2019-11-09 14:19:26.192692143
661,3593,33415,51364,83425,1.29744041e+08,,,,,,,,Statistics of scheduler evaluations,workflows_scheduler_eval_time,SUMMARY,20000000000,policy-warm-mz-lru-warm,2019-11-09 14:19:29.192734473
662,1200,2.51126415e+08,4.46818593e+08,,2.90472287916e+11,queued,7.652211e+06,7.660235e+06,8.233274e+06,1.07855065e+08,3.65530914e+08,4.8573773e+08,Duration of an invocation in various states.,invocation_monitor_time,SUMMARY,20000000000,policy-warm-mz-lru-warm,2019-11-09 14:19:29.192734473
663,6,2.3416136006e+10,4.3416360899e+10,,1.99743802829e+11,running,2.3015642426e+10,2.3015642426e+10,2.3015642426e+10,2.3015642426e+10,4.3015373691e+10,4.3465408684e+10,Duration of an invocation in various states.,invocation_monitor_time,SUMMARY,20000000000,policy-warm-mz-lru-warm,2019-11-09 14:19:29.192734473
664,3600,33415,51364,83425,1.29972203e+08,,,,,,,,Statistics of scheduler evaluations,workflows_scheduler_eval_time,SUMMARY,20000000000,policy-warm-mz-lru-warm,2019-11-09 14:19:32.192687032
665,1200,2.51126415e+08,4.46818593e+08,,2.90472287916e+11,queued,7.652211e+06,7.660235e+06,8.233274e+06,1.07855065e+08,3.65530914e+08,4.8573773e+08,Duration of an invocation in various states.,invocation_monitor_time,SUMMARY,20000000000,policy-warm-mz-lru-warm,2019-11-09 14:19:32.192687032
666,13,4.3121487972e+10,4.3416360899e+10,,5.02479350833e+11,running,2.3015642426e+10,2.3015642426e+10,2.3015642426e+10,2.3416136006e+10,4.332207579e+10,4.3465408684e+10,Duration of an invocation in various states.,invocation_monitor_time,SUMMARY,20000000000,policy-warm-mz-lru-warm,2019-11-09 14:19:32.192687032
667,3600,33415,51364,83425,1.29972203e+08,,,,,,,,Statistics of scheduler evaluations,workflows_scheduler_eval_time,SUMMARY,20000000000,policy-warm-mz-lru-warm,2019-11-09 14:19:35.192664832
668,1200,2.51126415e+08,4.46818593e+08,,2.90472287916e+11,queued,7.652211e+06,7.660235e+06,8.233274e+06,1.07855065e+08,3.65530914e+08,4.8573773e+08,Duration of an invocation in various states.,invocation_monitor_time,SUMMARY,20000000000,policy-warm-mz-lru-warm,2019-11-09 14:19:35.192664832
669,16,4.3216465505e+10,4.3416669027e+10,,6.32437424373e+11,running,2.3015642426e+10,2.3015642426e+10,2.3015642426e+10,4.3015373691e+10,4.3322806058e+10,4.3465408684e+10,Duration of an invocation in various states.,invocation_monitor_time,SUMMARY,20000000000,policy-warm-mz-lru-warm,2019-11-09 14:19:35.192664832
670,3600,34245,52023,82939,1.29972203e+08,,,,,,,,Statistics of scheduler evaluations,workflows_scheduler_eval_time,SUMMARY,20000000000,policy-warm-mz-lru-warm,2019-11-09 14:19:38.192694270
671,1200,2.51126415e+08,4.46818593e+08,,2.90472287916e+11,queued,7.652211e+06,7.660235e+06,8.233274e+06,1.07855065e+08,3.65530914e+08,4.8573773e+08,Duration of an invocation in various states.,invocation_monitor_time,SUMMARY,20000000000,policy-warm-mz-lru-warm,2019-11-09 14:19:38.192694270
672,16,4.3216465505e+10,4.3416669027e+10,,6.32437424373e+11,running,2.3015642426e+10,2.3015642426e+10,2.3015642426e+10,4.3015373691e+10,4.3322806058e+10,4.3465408684e+10,Duration of an invocation in various states.,invocation_monitor_time,SUMMARY,20000000000,policy-warm-mz-lru-warm,2019-11-09 14:19:38.192694270
673,3600,34245,52023,82939,1.29972203e+08,,,,,,,,Statistics of scheduler evaluations,workflows_scheduler_eval_time,SUMMARY,20000000000,policy-warm-mz-lru-warm,2019-11-09 14:19:41.192679013
674,1200,2.51126415e+08,4.46818593e+08,,2.90472287916e+11,queued,7.652211e+06,7.660235e+06,8.233274e+06,1.07855065e+08,3.65530914e+08,4.8573773e+08,Duration of an invocation in various states.,invocation_monitor_time,SUMMARY,20000000000,policy-warm-mz-lru-warm,2019-11-09 14:19:41.192679013
675,16,4.3216465505e+10,4.3416669027e+10,,6.32437424373e+11,running,2.3015642426e+10,2.3015642426e+10,2.3015642426e+10,4.3015373691e+10,4.3322806058e+10,4.3465408684e+10,Duration of an invocation in various states.,invocation_monitor_time,SUMMARY,20000000000,policy-warm-mz-lru-warm,2019-11-09 14:19:41.192679013
676,3600,34245,52023,82939,1.29972203e+08,,,,,,,,Statistics of scheduler evaluations,workflows_scheduler_eval_time,SUMMARY,20000000000,policy-warm-mz-lru-warm,2019-11-09 14:19:44.192733987
677,1200,2.51126415e+08,4.46818593e+08,,2.90472287916e+11,queued,7.652211e+06,7.660235e+06,8.233274e+06,1.07855065e+08,3.65530914e+08,4.8573773e+08,Duration of an invocation in various states.,invocation_monitor_time,SUMMARY,20000000000,policy-warm-mz-lru-warm,2019-11-09 14:19:44.192733987
678,16,4.3216465505e+10,4.3416669027e+10,,6.32437424373e+11,running,2.3015642426e+10,2.3015642426e+10,2.3015642426e+10,4.3015373691e+10,4.3322806058e+10,4.3465408684e+10,Duration of an invocation in various states.,invocation_monitor_time,SUMMARY,20000000000,policy-warm-mz-lru-warm,2019-11-09 14:19:44.192733987
679,3600,34245,52023,82939,1.29972203e+08,,,,,,,,Statistics of scheduler evaluations,workflows_scheduler_eval_time,SUMMARY,20000000000,policy-warm-mz-lru-warm,2019-11-09 14:19:47.192666769
680,1200,2.51126415e+08,4.46818593e+08,,2.90472287916e+11,queued,7.652211e+06,7.660235e+06,8.233274e+06,1.07855065e+08,3.65530914e+08,4.8573773e+08,Duration of an invocation in various states.,invocation_monitor_time,SUMMARY,20000000000,policy-warm-mz-lru-warm,2019-11-09 14:19:47.192666769
681,16,4.3216465505e+10,4.3416669027e+10,,6.32437424373e+11,running,2.3015642426e+10,2.3015642426e+10,2.3015642426e+10,4.3015373691e+10,4.3322806058e+10,4.3465408684e+10,Duration of an invocation in various states.,invocation_monitor_time,SUMMARY,20000000000,policy-warm-mz-lru-warm,2019-11-09 14:19:47.192666769
682,3600,34245,52023,82939,1.29972203e+08,,,,,,,,Statistics of scheduler evaluations,workflows_scheduler_eval_time,SUMMARY,20000000000,policy-warm-mz-lru-warm,2019-11-09 14:19:50.192696297
683,1200,2.51126415e+08,4.46818593e+08,,2.90472287916e+11,queued,7.652211e+06,7.660235e+06,8.233274e+06,1.07855065e+08,3.65530914e+08,4.8573773e+08,Duration of an invocation in various states.,invocation_monitor_time,SUMMARY,20000000000,policy-warm-mz-lru-warm,2019-11-09 14:19:50.192696297
684,26,4.3416360899e+10,6.3326248303e+10,,1.264569348896e+12,running,2.3015642426e+10,2.3015642426e+10,2.3414881123e+10,4.3121487972e+10,6.3128824832e+10,6.3416785788e+10,Duration of an invocation in various states.,invocation_monitor_time,SUMMARY,20000000000,policy-warm-mz-lru-warm,2019-11-09 14:19:50.192696297
685,50,30074,57250,71333,1.687718e+06,,,,,,,,Statistics of scheduler evaluations,workflows_scheduler_eval_time,SUMMARY,1000000000,policy-warm-horizon-local,2019-11-06 16:56:31.913674170
686,20,2.05119983e+08,4.05070409e+08,,4.018754524e+09,queued,5.010479e+06,5.010479e+06,5.096617e+06,1.04959554e+08,3.05142486e+08,4.05186756e+08,Duration of an invocation in various states.,invocation_monitor_time,SUMMARY,1000000000,policy-warm-horizon-local,2019-11-06 16:56:31.913674170
687,110,28126,49736,71333,3.474212e+06,,,,,,,,Statistics of scheduler evaluations,workflows_scheduler_eval_time,SUMMARY,2000000000,policy-warm-horizon-local,2019-11-06 16:56:38.913960066
688,40,2.04932479e+08,4.04952934e+08,,8.029111861e+09,queued,1.490997e+06,1.490997e+06,5.041025e+06,1.04614394e+08,3.05096899e+08,4.05186756e+08,Duration of an invocation in various states.,invocation_monitor_time,SUMMARY,2000000000,policy-warm-horizon-local,2019-11-06 16:56:38.913960066
689,20,3.219367822e+09,3.413527167e+09,,6.4270106814e+10,running,3.012819575e+09,3.012819575e+09,3.013694001e+09,3.111903681e+09,3.319653318e+09,3.42663888e+09,Duration of an invocation in various states.,invocation_monitor_time,SUMMARY,2000000000,policy-warm-horizon-local,2019-11-06 16:56:38.913960066
690,170,30426,51516,97746,6.029246e+06,,,,,,,,Statistics of scheduler evaluations,workflows_scheduler_eval_time,SUMMARY,3000000000,policy-warm-horizon-local,2019-11-06 16:56:45.919516178
691,60,2.04958237e+08,4.04968597e+08,,1.20445295e+10,queued,1.490997e+06,1.490997e+06,5.060566e+06,1.04867848e+08,3.05211684e+08,4.05393793e+08,Duration of an invocation in various states.,invocation_monitor_time,SUMMARY,3000000000,policy-warm-horizon-local,2019-11-06 16:56:45.919516178
692,40,3.217347291e+09,3.413527167e+09,,1.28536769374e+11,running,3.012819575e+09,3.012819575e+09,3.016386986e+09,3.115697857e+09,3.319653318e+09,3.42663888e+09,Duration of an invocation in various states.,invocation_monitor_time,SUMMARY,3000000000,policy-warm-horizon-local,2019-11-06 16:56:45.919516178
693,230,29602,53744,91799,8.029758e+06,,,,,,,,Statistics of scheduler evaluations,workflows_scheduler_eval_time,SUMMARY,4000000000,policy-warm-horizon-local,2019-11-06 16:56:52.914643985
694,80,2.05119983e+08,4.05070409e+08,,1.6066216738e+10,queued,1.490997e+06,1.490997e+06,5.097945e+06,1.04959554e+08,3.05249072e+08,4.05640669e+08,Duration of an invocation in various states.,invocation_monitor_time,SUMMARY,4000000000,policy-warm-horizon-local,2019-11-06 16:56:52.914643985
695,60,3.217609987e+09,3.414832602e+09,,1.92923474858e+11,running,3.012819575e+09,3.012819575e+09,3.018358111e+09,3.114668631e+09,3.321354678e+09,3.434480695e+09,Duration of an invocation in various states.,invocation_monitor_time,SUMMARY,4000000000,policy-warm-horizon-local,2019-11-06 16:56:52.914643985
696,290,29640,51516,91799,9.969502e+06,,,,,,,,Statistics of scheduler evaluations,workflows_scheduler_eval_time,SUMMARY,5000000000,policy-warm-horizon-local,2019-11-06 16:56:59.915449109
697,100,2.05142039e+08,4.05090979e+08,,2.0085698255e+10,queued,1.490997e+06,1.490997e+06,5.165389e+06,1.04967125e+08,3.05249072e+08,4.05640669e+08,Duration of an invocation in various states.,invocation_monitor_time,SUMMARY,5000000000,policy-warm-horizon-local,2019-11-06 16:56:59.915449109
698,80,3.217347291e+09,3.414832602e+09,,2.57208636138e+11,running,3.012819575e+09,3.012819575e+09,3.018358111e+09,3.114668631e+09,3.321354678e+09,3.434480695e+09,Duration of an invocation in various states.,invocation_monitor_time,SUMMARY,5000000000,policy-warm-horizon-local,2019-11-06 16:56:59.915449109
699,350,29257,53744,91704,1.2023072e+07,,,,,,,,Statistics of scheduler evaluations,workflows_scheduler_eval_time,SUMMARY,6000000000,policy-warm-horizon-local,2019-11-06 16:57:06.920792128
700,120,2.05142039e+08,4.05160334e+08,,2.4100575496e+10,queued,1.490997e+06,1.490997e+06,5.171748e+06,1.0498279e+08,3.052616e+08,4.05640669e+08,Duration of an invocation in various states.,invocation_monitor_time,SUMMARY,6000000000,policy-warm-horizon-local,2019-11-06 16:57:06.920792128
701,100,3.217347291e+09,3.416373087e+09,,3.21451073558e+11,running,3.012819575e+09,3.012819575e+09,3.018358111e+09,3.114668631e+09,3.319653318e+09,3.434480695e+09,Duration of an invocation in various states.,invocation_monitor_time,SUMMARY,6000000000,policy-warm-horizon-local,2019-11-06 16:57:06.920792128
702,410,28908,51032,89843,1.37561e+07,,,,,,,,Statistics of scheduler evaluations,workflows_scheduler_eval_time,SUMMARY,7000000000,policy-warm-horizon-local,2019-11-06 16:57:13.909250532
703,140,2.0515354e+08,4.05174594e+08,,2.8127305326e+10,queued,1.490997e+06,1.490997e+06,5.176873e+06,1.04992771e+08,3.05289425e+08,4.05640669e+08,Duration of an invocation in various states.,invocation_monitor_time,SUMMARY,7000000000,policy-warm-horizon-local,2019-11-06 16:57:13.909250532
704,120,3.217347291e+09,3.414832602e+09,,3.85754065699e+11,running,3.012819575e+09,3.012819575e+09,3.018358111e+09,3.114532425e+09,3.32037056e+09,3.434480695e+09,Duration of an invocation in various states.,invocation_monitor_time,SUMMARY,7000000000,policy-warm-horizon-local,2019-11-06 16:57:13.909250532
705,470,29174,53744,91704,1.5993171e+07,,,,,,,,Statistics of scheduler evaluations,workflows_scheduler_eval_time,SUMMARY,8000000000,policy-warm-horizon-local,2019-11-06 16:57:20.930696456
706,160,2.05200184e+08,4.05174812e+08,,3.2135577189e+10,queued,1.490997e+06,1.490997e+06,5.19765e+06,1.05018728e+08,3.05310665e+08,4.05640669e+08,Duration of an invocation in various states.,invocation_monitor_time,SUMMARY,8000000000,policy-warm-horizon-local,2019-11-06 16:57:20.930696456
707,140,3.217560631e+09,3.415118365e+09,,4.50133691977e+11,running,3.012819575e+09,3.012819575e+09,3.018358111e+09,3.114342881e+09,3.321354678e+09,3.434480695e+09,Duration of an invocation in various states.,invocation_monitor_time,SUMMARY,8000000000,policy-warm-horizon-local,2019-11-06 16:57:20.930696456
708,530,30314,53744,97746,1.8480057e+07,,,,,,,,Statistics of scheduler evaluations,workflows_scheduler_eval_time,SUMMARY,9000000000,policy-warm-horizon-local,2019-11-06 16:57:27.913784107
709,180,2.05205046e+08,4.05183299e+08,,3.6160082767e+10,queued,1.490997e+06,1.490997e+06,5.213381e+06,1.05040455e+08,3.053627e+08,4.05640669e+08,Duration of an invocation in various states.,invocation_monitor_time,SUMMARY,9000000000,policy-warm-horizon-local,2019-11-06 16:57:27.913784107
710,160,3.217347291e+09,3.415674505e+09,,5.14496638747e+11,running,3.012819575e+09,3.012819575e+09,3.018796737e+09,3.114532425e+09,3.323668625e+09,3.434480695e+09,Duration of an invocation in various states.,invocation_monitor_time,SUMMARY,9000000000,policy-warm-horizon-local,2019-11-06 16:57:27.913784107
711,590,30314,56463,97746,2.1055497e+07,,,,,,,,Statistics of scheduler evaluations,workflows_scheduler_eval_time,SUMMARY,10000000000,policy-warm-horizon-local,2019-11-06 16:57:34.919495467
712,200,2.05231038e+08,4.05186756e+08,,4.0179991248e+10,queued,1.490997e+06,4.865846e+06,5.240243e+06,1.05059975e+08,3.05411959e+08,4.05640669e+08,Duration of an invocation in various states.,invocation_monitor_time,SUMMARY,10000000000,policy-warm-horizon-local,2019-11-06 16:57:34.919495467
713,180,3.217384029e+09,3.415674505e+09,,5.78784367913e+11,running,3.012819575e+09,3.012819575e+09,3.018358111e+09,3.114668631e+09,3.321354678e+09,3.434480695e+09,Duration of an invocation in various states.,invocation_monitor_time,SUMMARY,10000000000,policy-warm-horizon-local,2019-11-06 16:57:34.919495467
714,650,30314,56463,99153,2.3246472e+07,,,,,,,,Statistics of scheduler evaluations,workflows_scheduler_eval_time,SUMMARY,11000000000,policy-warm-horizon-local,2019-11-06 16:57:41.913003819
715,220,2.05261273e+08,4.05246122e+08,,4.4204934145e+10,queued,1.490997e+06,4.865846e+06,5.268147e+06,1.05079176e+08,3.05413872e+08,4.05640669e+08,Duration of an invocation in various states.,invocation_monitor_time,SUMMARY,11000000000,policy-warm-horizon-local,2019-11-06 16:57:41.913003819
716,200,3.217410413e+09,3.416169151e+09,,6.43075570605e+11,running,3.012819575e+09,3.012998216e+09,3.018358111e+09,3.114668631e+09,3.321354678e+09,3.434480695e+09,Duration of an invocation in various states.,invocation_monitor_time,SUMMARY,11000000000,policy-warm-horizon-local,2019-11-06 16:57:41.913003819
717,710,30314,56463,99153,2.5304625e+07,,,,,,,,Statistics of scheduler evaluations,workflows_scheduler_eval_time,SUMMARY,12000000000,policy-warm-horizon-local,2019-11-06 16:57:48.912722634
718,240,2.05242526e+08,4.05186756e+08,,4.822672776e+10,queued,1.490997e+06,4.865846e+06,5.264237e+06,1.0510774e+08,3.05411959e+08,4.05640669e+08,Duration of an invocation in various states.,invocation_monitor_time,SUMMARY,12000000000,policy-warm-horizon-local,2019-11-06 16:57:48.912722634
719,220,3.217609987e+09,3.416373087e+09,,7.07393867544e+11,running,3.012819575e+09,3.012998216e+09,3.018358111e+09,3.115223488e+09,3.321354678e+09,3.434480695e+09,Duration of an invocation in various states.,invocation_monitor_time,SUMMARY,12000000000,policy-warm-horizon-local,2019-11-06 16:57:48.912722634
720,770,30314,56463,99153,2.7263127e+07,,,,,,,,Statistics of scheduler evaluations,workflows_scheduler_eval_time,SUMMARY,13000000000,policy-warm-horizon-local,2019-11-06 16:57:55.916368500
721,260,2.05261273e+08,4.05246122e+08,,5.2255664694e+10,queued,1.490997e+06,4.865846e+06,5.279665e+06,1.0511133e+08,3.0543403e+08,4.05719793e+08,Duration of an invocation in various states.,invocation_monitor_time,SUMMARY,13000000000,policy-warm-horizon-local,2019-11-06 16:57:55.916368500
722,240,3.217686628e+09,3.416373087e+09,,7.71712051793e+11,running,3.012819575e+09,3.012998216e+09,3.018358111e+09,3.115239113e+09,3.321354678e+09,3.434480695e+09,Duration of an invocation in various states.,invocation_monitor_time,SUMMARY,13000000000,policy-warm-horizon-local,2019-11-06 16:57:55.916368500
723,830,30314,57301,99153,2.9793615e+07,,,,,,,,Statistics of scheduler evaluations,workflows_scheduler_eval_time,SUMMARY,14000000000,policy-warm-horizon-local,2019-11-06 16:58:02.913158479
724,280,2.05279678e+08,4.05258779e+08,,5.6282593443e+10,queued,1.490997e+06,4.865846e+06,5.339162e+06,1.05128701e+08,3.0544776e+08,4.05719793e+08,Duration of an invocation in various states.,invocation_monitor_time,SUMMARY,14000000000,policy-warm-horizon-local,2019-11-06 16:58:02.913158479
725,260,3.218112604e+09,3.416373087e+09,,8.3605519249e+11,running,3.012819575e+09,3.012998216e+09,3.018358111e+09,3.115697857e+09,3.321849615e+09,3.434480695e+09,Duration of an invocation in various states.,invocation_monitor_time,SUMMARY,14000000000,policy-warm-horizon-local,2019-11-06 16:58:02.913158479
726,890,30314,56463,99153,3.1661109e+07,,,,,,,,Statistics of scheduler evaluations,workflows_scheduler_eval_time,SUMMARY,15000000000,policy-warm-horizon-local,2019-11-06 16:58:09.928593622
727,300,2.05318008e+08,4.05266589e+08,,6.02925415e+10,queued,1.490997e+06,4.870781e+06,5.348749e+06,1.05144313e+08,3.0544776e+08,4.05719793e+08,Duration of an invocation in various states.,invocation_monitor_time,SUMMARY,15000000000,policy-warm-horizon-local,2019-11-06 16:58:09.928593622
728,280,3.218112604e+09,3.416373087e+09,,9.00388718376e+11,running,3.012819575e+09,3.012998216e+09,3.018533475e+09,3.115239113e+09,3.321849615e+09,3.434480695e+09,Duration of an invocation in various states.,invocation_monitor_time,SUMMARY,15000000000,policy-warm-horizon-local,2019-11-06 16:58:09.928593622
729,950,30314,59207,136360,3.5877973e+07,,,,,,,,Statistics of scheduler evaluations,workflows_scheduler_eval_time,SUMMARY,16000000000,policy-warm-horizon-local,2019-11-06 16:58:16.911936599
730,320,2.05282057e+08,4.05269619e+08,,6.4317215417e+10,queued,1.490997e+06,4.870781e+06,5.339162e+06,1.05145419e+08,3.05447733e+08,4.05719793e+08,Duration of an invocation in various states.,invocation_monitor_time,SUMMARY,16000000000,policy-warm-horizon-local,2019-11-06 16:58:16.911936599
731,300,3.218232173e+09,3.416373087e+09,,9.64705459564e+11,running,3.012819575e+09,3.013180697e+09,3.018533475e+09,3.115239113e+09,3.321446181e+09,3.434480695e+09,Duration of an invocation in various states.,invocation_monitor_time,SUMMARY,16000000000,policy-warm-horizon-local,2019-11-06 16:58:16.911936599
732,1010,30314,56463,136360,3.7532491e+07,,,,,,,,Statistics of scheduler evaluations,workflows_scheduler_eval_time,SUMMARY,17000000000,policy-warm-horizon-local,2019-11-06 16:58:23.911216311
733,340,2.05279678e+08,4.05269619e+08,,6.8335343886e+10,queued,1.490997e+06,4.870781e+06,5.339162e+06,1.05146717e+08,3.05447733e+08,4.05719793e+08,Duration of an invocation in various states.,invocation_monitor_time,SUMMARY,17000000000,policy-warm-horizon-local,2019-11-06 16:58:23.911216311
734,320,3.218112604e+09,3.416391751e+09,,1.029052128855e+12,running,3.012819575e+09,3.013180697e+09,3.018533475e+09,3.115697857e+09,3.321849615e+09,3.434480695e+09,Duration of an invocation in various states.,invocation_monitor_time,SUMMARY,17000000000,policy-warm-horizon-local,2019-11-06 16:58:23.911216311
735,1070,30314,56683,136360,3.9594094e+07,,,,,,,,Statistics of scheduler evaluations,workflows_scheduler_eval_time,SUMMARY,18000000000,policy-warm-horizon-local,2019-11-06 16:58:30.920890080
736,360,2.05297299e+08,4.05284953e+08,,7.2370702584e+10,queued,1.490997e+06,4.870781e+06,5.358991e+06,1.0516146e+08,3.05453647e+08,4.07692941e+08,Duration of an invocation in various states.,invocation_monitor_time,SUMMARY,18000000000,policy-warm-horizon-local,2019-11-06 16:58:30.920890080
737,340,3.218074112e+09,3.416373087e+09,,1.09331413981e+12,running,3.011325709e+09,3.012998216e+09,3.018364306e+09,3.115283836e+09,3.321849615e+09,3.434480695e+09,Duration of an invocation in various states.,invocation_monitor_time,SUMMARY,18000000000,policy-warm-horizon-local,2019-11-06 16:58:30.920890080
738,1130,30314,56463,136360,4.4016021e+07,,,,,,,,Statistics of scheduler evaluations,workflows_scheduler_eval_time,SUMMARY,19000000000,policy-warm-horizon-local,2019-11-06 16:58:37.923368743
739,380,2.05318008e+08,4.05284953e+08,,7.6386661201e+10,queued,1.490997e+06,4.870781e+06,5.363056e+06,1.05180521e+08,3.0546537e+08,4.07692941e+08,Duration of an invocation in various states.,invocation_monitor_time,SUMMARY,19000000000,policy-warm-horizon-local,2019-11-06 16:58:37.923368743
740,360,3.218112604e+09,3.416391751e+09,,1.157592002188e+12,running,3.011325709e+09,3.012998216e+09,3.018364306e+09,3.115239113e+09,3.321446181e+09,3.434480695e+09,Duration of an invocation in various states.,invocation_monitor_time,SUMMARY,19000000000,policy-warm-horizon-local,2019-11-06 16:58:37.923368743
741,1190,30314,56463,136360,4.8022924e+07,,,,,,,,Statistics of scheduler evaluations,workflows_scheduler_eval_time,SUMMARY,20000000000,policy-warm-horizon-local,2019-11-06 16:58:44.925459241
742,400,2.05318008e+08,4.05288235e+08,,8.0399736178e+10,queued,1.490997e+06,4.970208e+06,5.363056e+06,1.05181837e+08,3.05471951e+08,4.07692941e+08,Duration of an invocation in various states.,invocation_monitor_time,SUMMARY,20000000000,policy-warm-horizon-local,2019-11-06 16:58:44.925459241
743,380,3.218232173e+09,3.416403872e+09,,1.221908954936e+12,running,3.011325709e+09,3.012998216e+09,3.018533475e+09,3.115239113e+09,3.321849615e+09,3.434480695e+09,Duration of an invocation in various states.,invocation_monitor_time,SUMMARY,20000000000,policy-warm-horizon-local,2019-11-06 16:58:44.925459241
744,112,29986,51706,82630,3.727424e+06,,,,,,,,Statistics of scheduler evaluations,workflows_scheduler_eval_time,SUMMARY,1000000000,policy-warm-mz,2019-11-09 13:02:59.289863889
745,46,2.4477683e+08,4.44827648e+08,,1.0929554233e+10,queued,1.058856e+07,1.058856e+07,4.4682189e+07,1.1052494e+08,3.44779747e+08,4.44908723e+08,Duration of an invocation in various states.,invocation_monitor_time,SUMMARY,1000000000,policy-warm-mz,2019-11-09 13:02:59.289863889
746,153,30299,51706,86058,5.656294e+06,,,,,,,,Statistics of scheduler evaluations,workflows_scheduler_eval_time,SUMMARY,1000000000,policy-warm-mz,2019-11-09 13:03:02.289822533
747,60,2.44770109e+08,4.26648226e+08,,1.3978044444e+10,queued,1.0501543e+07,1.0501543e+07,1.0672351e+07,1.10559541e+08,3.44779747e+08,4.44908723e+08,Duration of an invocation in various states.,invocation_monitor_time,SUMMARY,1000000000,policy-warm-mz,2019-11-09 13:03:02.289822533
748,3,5.118324868e+09,5.223587611e+09,,1.5781437063e+10,running,5.118324868e+09,5.118324868e+09,5.118324868e+09,5.118324868e+09,5.223587611e+09,5.439524584e+09,Duration of an invocation in various states.,invocation_monitor_time,SUMMARY,1000000000,policy-warm-mz,2019-11-09 13:03:02.289822533
749,178,30292,55006,92208,6.58832e+06,,,,,,,,Statistics of scheduler evaluations,workflows_scheduler_eval_time,SUMMARY,1000000000,policy-warm-mz,2019-11-09 13:03:05.289888395
750,60,2.44770109e+08,4.26648226e+08,,1.3978044444e+10,queued,1.0501543e+07,1.0501543e+07,1.0672351e+07,1.10559541e+08,3.44779747e+08,4.44908723e+08,Duration of an invocation in various states.,invocation_monitor_time,SUMMARY,1000000000,policy-warm-mz,2019-11-09 13:03:05.289888395
751,16,6.018911518e+09,6.31967472e+09,,9.2751900566e+10,running,5.024867894e+09,5.024867894e+09,5.024867894e+09,5.223027686e+09,6.318693718e+09,6.419541596e+09,Duration of an invocation in various states.,invocation_monitor_time,SUMMARY,1000000000,policy-warm-mz,2019-11-09 13:03:05.289888395
752,286,30762,56321,101907,1.0435116e+07,,,,,,,,Statistics of scheduler evaluations,workflows_scheduler_eval_time,SUMMARY,2000000000,policy-warm-mz,2019-11-09 13:03:28.805807806
753,106,2.35055037e+08,4.34989753e+08,,2.4608540597e+10,queued,1.0501543e+07,1.0501543e+07,3.488358e+07,1.10677873e+08,3.44731408e+08,4.44908723e+08,Duration of an invocation in various states.,invocation_monitor_time,SUMMARY,2000000000,policy-warm-mz,2019-11-09 13:03:28.805807806
754,321,30374,54802,92208,1.1488538e+07,,,,,,,,Statistics of scheduler evaluations,workflows_scheduler_eval_time,SUMMARY,2000000000,policy-warm-mz,2019-11-09 13:03:31.805777426
755,120,2.35044679e+08,4.26648226e+08,,2.7762815039e+10,queued,1.0501543e+07,1.0501543e+07,3.488358e+07,1.10956179e+08,3.44731408e+08,4.44908723e+08,Duration of an invocation in various states.,invocation_monitor_time,SUMMARY,2000000000,policy-warm-mz,2019-11-09 13:03:31.805777426
756,3,3.117446427e+09,5.41735223e+09,,1.3952941607e+10,running,3.117446427e+09,3.117446427e+09,3.117446427e+09,3.117446427e+09,5.41735223e+09,5.41814295e+09,Duration of an invocation in various states.,invocation_monitor_time,SUMMARY,2000000000,policy-warm-mz,2019-11-09 13:03:31.805777426
757,350,30200,54802,101907,1.2692751e+07,,,,,,,,Statistics of scheduler evaluations,workflows_scheduler_eval_time,SUMMARY,2000000000,policy-warm-mz,2019-11-09 13:03:34.805781386
758,120,2.35044679e+08,4.26648226e+08,,2.7762815039e+10,queued,1.0501543e+07,1.0501543e+07,3.488358e+07,1.10956179e+08,3.44731408e+08,4.44908723e+08,Duration of an invocation in various states.,invocation_monitor_time,SUMMARY,2000000000,policy-warm-mz,2019-11-09 13:03:34.805781386
759,6,5.41735223e+09,7.017854108e+09,,3.3210764696e+10,running,3.117446427e+09,3.117446427e+09,3.117446427e+09,3.117446427e+09,5.41814295e+09,7.021286491e+09,Duration of an invocation in various states.,invocation_monitor_time,SUMMARY,2000000000,policy-warm-mz,2019-11-09 13:03:34.805781386
760,360,29964,54802,110269,1.3058327e+07,,,,,,,,Statistics of scheduler evaluations,workflows_scheduler_eval_time,SUMMARY,2000000000,policy-warm-mz,2019-11-09 13:03:37.805834344
761,120,2.35044679e+08,4.26648226e+08,,2.7762815039e+10,queued,1.0501543e+07,1.0501543e+07,3.488358e+07,1.10956179e+08,3.44731408e+08,4.44908723e+08,Duration of an invocation in various states.,invocation_monitor_time,SUMMARY,2000000000,policy-warm-mz,2019-11-09 13:03:37.805834344
762,23,7.219129725e+09,9.319547673e+09,,1.70049655323e+11,running,3.117446427e+09,3.117446427e+09,5.120961777e+09,5.41814295e+09,9.120471895e+09,9.419704658e+09,Duration of an invocation in various states.,invocation_monitor_time,SUMMARY,2000000000,policy-warm-mz,2019-11-09 13:03:37.805834344
763,466,29980,52780,101907,1.6549854e+07,,,,,,,,Statistics of scheduler evaluations,workflows_scheduler_eval_time,SUMMARY,3000000000,policy-warm-mz,2019-11-09 13:04:04.314013160
764,165,2.34853244e+08,4.34773998e+08,,3.7972849313e+10,queued,1.0501543e+07,1.0501543e+07,3.480096e+07,1.11011876e+08,3.35046846e+08,4.44908723e+08,Duration of an invocation in various states.,invocation_monitor_time,SUMMARY,3000000000,policy-warm-mz,2019-11-09 13:04:04.314013160
765,494,29964,52573,101907,1.7444614e+07,,,,,,,,Statistics of scheduler evaluations,workflows_scheduler_eval_time,SUMMARY,3000000000,policy-warm-mz,2019-11-09 13:04:07.314047988
766,180,2.34826156e+08,4.26648226e+08,,4.1145581493e+10,queued,1.0501543e+07,1.0501543e+07,3.4779398e+07,1.11015857e+08,3.35046846e+08,4.44908723e+08,Duration of an invocation in various states.,invocation_monitor_time,SUMMARY,3000000000,policy-warm-mz,2019-11-09 13:04:07.314047988
767,514,30491,52289,110269,1.8107083e+07,,,,,,,,Statistics of scheduler evaluations,workflows_scheduler_eval_time,SUMMARY,3000000000,policy-warm-mz,2019-11-09 13:04:10.314006758
768,180,2.34826156e+08,4.26648226e+08,,4.1145581493e+10,queued,1.0501543e+07,1.0501543e+07,3.4779398e+07,1.11015857e+08,3.35046846e+08,4.44908723e+08,Duration of an invocation in various states.,invocation_monitor_time,SUMMARY,3000000000,policy-warm-mz,2019-11-09 13:04:10.314006758
769,533,30491,52289,110269,1.8639655e+07,,,,,,,,Statistics of scheduler evaluations,workflows_scheduler_eval_time,SUMMARY,3000000000,policy-warm-mz,2019-11-09 13:04:13.314005578
770,180,2.34826156e+08,4.26648226e+08,,4.1145581493e+10,queued,1.0501543e+07,1.0501543e+07,3.4779398e+07,1.11015857e+08,3.35046846e+08,4.44908723e+08,Duration of an invocation in various states.,invocation_monitor_time,SUMMARY,3000000000,policy-warm-mz,2019-11-09 13:04:13.314005578
771,6,9.018941427e+09,9.120131772e+09,,5.1607655605e+10,running,6.019953985e+09,6.019953985e+09,6.019953985e+09,6.019953985e+09,9.019213874e+09,9.410882657e+09,Duration of an invocation in various states.,invocation_monitor_time,SUMMARY,3000000000,policy-warm-mz,2019-11-09 13:04:13.314005578
772,540,30491,52289,110269,1.8804769e+07,,,,,,,,Statistics of scheduler evaluations,workflows_scheduler_eval_time,SUMMARY,3000000000,policy-warm-mz,2019-11-09 13:04:16.314048661
773,180,2.34826156e+08,4.26648226e+08,,4.1145581493e+10,queued,1.0501543e+07,1.0501543e+07,3.4779398e+07,1.11015857e+08,3.35046846e+08,4.44908723e+08,Duration of an invocation in various states.,invocation_monitor_time,SUMMARY,3000000000,policy-warm-mz,2019-11-09 13:04:16.314048661
774,22,9.418792794e+09,1.2321254125e+10,,2.29835302748e+11,running,6.019953985e+09,6.019953985e+09,9.01853189e+09,9.020820778e+09,1.2220297249e+10,1.2420482707e+10,Duration of an invocation in various states.,invocation_monitor_time,SUMMARY,3000000000,policy-warm-mz,2019-11-09 13:04:16.314048661
775,650,30491,52289,101907,2.2392579e+07,,,,,,,,Statistics of scheduler evaluations,workflows_scheduler_eval_time,SUMMARY,4000000000,policy-warm-mz,2019-11-09 13:04:46.828265402
776,226,2.27685723e+08,4.27699927e+08,,5.1546708733e+10,queued,1.0501543e+07,1.0577495e+07,2.7672395e+07,1.11324227e+08,3.35032312e+08,4.44908723e+08,Duration of an invocation in various states.,invocation_monitor_time,SUMMARY,4000000000,policy-warm-mz,2019-11-09 13:04:46.828265402
777,670,30491,52289,101907,2.3056224e+07,,,,,,,,Statistics of scheduler evaluations,workflows_scheduler_eval_time,SUMMARY,4000000000,policy-warm-mz,2019-11-09 13:04:49.828244684
778,240,2.27684487e+08,4.26648226e+08,,5.4714835671e+10,queued,1.0501543e+07,1.0577495e+07,2.7672395e+07,1.11504526e+08,3.35032312e+08,4.44908723e+08,Duration of an invocation in various states.,invocation_monitor_time,SUMMARY,4000000000,policy-warm-mz,2019-11-09 13:04:49.828244684
779,1,3.318153215e+09,3.318153215e+09,,3.318153215e+09,running,3.318153215e+09,3.318153215e+09,3.318153215e+09,3.318153215e+09,3.318153215e+09,3.318153215e+09,Duration of an invocation in various states.,invocation_monitor_time,SUMMARY,4000000000,policy-warm-mz,2019-11-09 13:04:49.828244684
780,687,30491,52289,101907,2.348822e+07,,,,,,,,Statistics of scheduler evaluations,workflows_scheduler_eval_time,SUMMARY,4000000000,policy-warm-mz,2019-11-09 13:04:52.828315150
781,240,2.27684487e+08,4.26648226e+08,,5.4714835671e+10,queued,1.0501543e+07,1.0577495e+07,2.7672395e+07,1.11504526e+08,3.35032312e+08,4.44908723e+08,Duration of an invocation in various states.,invocation_monitor_time,SUMMARY,4000000000,policy-warm-mz,2019-11-09 13:04:52.828315150
782,1,3.318153215e+09,3.318153215e+09,,3.318153215e+09,running,3.318153215e+09,3.318153215e+09,3.318153215e+09,3.318153215e+09,3.318153215e+09,3.318153215e+09,Duration of an invocation in various states.,invocation_monitor_time,SUMMARY,4000000000,policy-warm-mz,2019-11-09 13:04:52.828315150
783,706,30491,52289,92208,2.4023166e+07,,,,,,,,Statistics of scheduler evaluations,workflows_scheduler_eval_time,SUMMARY,4000000000,policy-warm-mz,2019-11-09 13:04:55.828276193
784,240,2.27684487e+08,4.26648226e+08,,5.4714835671e+10,queued,1.0501543e+07,1.0577495e+07,2.7672395e+07,1.11504526e+08,3.35032312e+08,4.44908723e+08,Duration of an invocation in various states.,invocation_monitor_time,SUMMARY,4000000000,policy-warm-mz,2019-11-09 13:04:55.828276193
785,5,7.122261311e+09,1.101925232e+10,,3.9999957848e+10,running,3.318153215e+09,3.318153215e+09,3.318153215e+09,3.318153215e+09,7.418919072e+09,1.112137193e+10,Duration of an invocation in various states.,invocation_monitor_time,SUMMARY,4000000000,policy-warm-mz,2019-11-09 13:04:55.828276193
786,716,30491,52289,92208,2.4247851e+07,,,,,,,,Statistics of scheduler evaluations,workflows_scheduler_eval_time,SUMMARY,4000000000,policy-warm-mz,2019-11-09 13:04:58.828367741
787,240,2.27684487e+08,4.26648226e+08,,5.4714835671e+10,queued,1.0501543e+07,1.0577495e+07,2.7672395e+07,1.11504526e+08,3.35032312e+08,4.44908723e+08,Duration of an invocation in various states.,invocation_monitor_time,SUMMARY,4000000000,policy-warm-mz,2019-11-09 13:04:58.828367741
788,11,1.112137193e+10,1.132013309e+10,,1.07525086613e+11,running,3.318153215e+09,3.318153215e+09,3.318153215e+09,7.122261311e+09,1.1219254378e+10,1.1419897251e+10,Duration of an invocation in various states.,invocation_monitor_time,SUMMARY,4000000000,policy-warm-mz,2019-11-09 13:04:58.828367741
789,720,27615,52289,92208,2.434137e+07,,,,,,,,Statistics of scheduler evaluations,workflows_scheduler_eval_time,SUMMARY,4000000000,policy-warm-mz,2019-11-09 13:05:01.828269018
790,240,2.27684487e+08,4.26648226e+08,,5.4714835671e+10,queued,1.0501543e+07,1.0577495e+07,2.7672395e+07,1.11504526e+08,3.35032312e+08,4.44908723e+08,Duration of an invocation in various states.,invocation_monitor_time,SUMMARY,4000000000,policy-warm-mz,2019-11-09 13:05:01.828269018
791,23,1.1321430816e+10,1.5221967257e+10,,2.74759766481e+11,running,3.318153215e+09,3.318153215e+09,7.122261311e+09,1.112137193e+10,1.5021366852e+10,1.5421579612e+10,Duration of an invocation in various states.,invocation_monitor_time,SUMMARY,4000000000,policy-warm-mz,2019-11-09 13:05:01.828269018
792,827,30491,52289,86743,2.7737485e+07,,,,,,,,Statistics of scheduler evaluations,workflows_scheduler_eval_time,SUMMARY,5000000000,policy-warm-mz,2019-11-09 13:05:34.740635610
793,286,2.16992538e+08,4.17023792e+08,,6.4891704495e+10,queued,1.0501543e+07,1.0577495e+07,1.6983438e+07,1.11540414e+08,3.35002182e+08,4.77718968e+08,Duration of an invocation in various states.,invocation_monitor_time,SUMMARY,5000000000,policy-warm-mz,2019-11-09 13:05:34.740635610
794,846,30491,52289,86743,2.8482865e+07,,,,,,,,Statistics of scheduler evaluations,workflows_scheduler_eval_time,SUMMARY,5000000000,policy-warm-mz,2019-11-09 13:05:37.740629545
795,300,2.16981698e+08,4.16939025e+08,,6.8067918091e+10,queued,1.0501543e+07,1.058856e+07,1.6983438e+07,1.11927042e+08,3.35002182e+08,4.77718968e+08,Duration of an invocation in various states.,invocation_monitor_time,SUMMARY,5000000000,policy-warm-mz,2019-11-09 13:05:37.740629545
796,866,30491,52289,86743,2.9097008e+07,,,,,,,,Statistics of scheduler evaluations,workflows_scheduler_eval_time,SUMMARY,5000000000,policy-warm-mz,2019-11-09 13:05:40.740639966
797,300,2.16981698e+08,4.16939025e+08,,6.8067918091e+10,queued,1.0501543e+07,1.058856e+07,1.6983438e+07,1.11927042e+08,3.35002182e+08,4.77718968e+08,Duration of an invocation in various states.,invocation_monitor_time,SUMMARY,5000000000,policy-warm-mz,2019-11-09 13:05:40.740639966
798,2,8.320520074e+09,8.320520074e+09,,1.6739857133e+10,running,8.320520074e+09,8.320520074e+09,8.320520074e+09,8.320520074e+09,8.320520074e+09,8.419337059e+09,Duration of an invocation in various states.,invocation_monitor_time,SUMMARY,5000000000,policy-warm-mz,2019-11-09 13:05:40.740639966
799,883,30491,52289,86743,2.9612687e+07,,,,,,,,Statistics of scheduler evaluations,workflows_scheduler_eval_time,SUMMARY,5000000000,policy-warm-mz,2019-11-09 13:05:43.740591845
800,300,2.16981698e+08,4.16939025e+08,,6.8067918091e+10,queued,1.0501543e+07,1.058856e+07,1.6983438e+07,1.11927042e+08,3.35002182e+08,4.77718968e+08,Duration of an invocation in various states.,invocation_monitor_time,SUMMARY,5000000000,policy-warm-mz,2019-11-09 13:05:43.740591845
801,2,8.320520074e+09,8.320520074e+09,,1.6739857133e+10,running,8.320520074e+09,8.320520074e+09,8.320520074e+09,8.320520074e+09,8.320520074e+09,8.419337059e+09,Duration of an invocation in various states.,invocation_monitor_time,SUMMARY,5000000000,policy-warm-mz,2019-11-09 13:05:43.740591845
802,893,30491,52289,86743,2.9879813e+07,,,,,,,,Statistics of scheduler evaluations,workflows_scheduler_eval_time,SUMMARY,5000000000,policy-warm-mz,2019-11-09 13:05:46.740573301
803,300,2.16981698e+08,4.16939025e+08,,6.8067918091e+10,queued,1.0501543e+07,1.058856e+07,1.6983438e+07,1.11927042e+08,3.35002182e+08,4.77718968e+08,Duration of an invocation in various states.,invocation_monitor_time,SUMMARY,5000000000,policy-warm-mz,2019-11-09 13:05:46.740573301
804,7,8.320520074e+09,1.3220545876e+10,,7.2641598569e+10,running,8.019619482e+09,8.019619482e+09,8.019619482e+09,8.019619482e+09,1.3020389781e+10,1.3419911544e+10,Duration of an invocation in various states.,invocation_monitor_time,SUMMARY,5000000000,policy-warm-mz,2019-11-09 13:05:46.740573301
805,900,30491,52289,86058,3.0061154e+07,,,,,,,,Statistics of scheduler evaluations,workflows_scheduler_eval_time,SUMMARY,5000000000,policy-warm-mz,2019-11-09 13:05:49.740615243
806,300,2.16981698e+08,4.16939025e+08,,6.8067918091e+10,queued,1.0501543e+07,1.058856e+07,1.6983438e+07,1.11927042e+08,3.35002182e+08,4.77718968e+08,Duration of an invocation in various states.,invocation_monitor_time,SUMMARY,5000000000,policy-warm-mz,2019-11-09 13:05:49.740615243
807,17,1.3121918721e+10,1.3419911544e+10,,2.04956782761e+11,running,8.019619482e+09,8.019619482e+09,8.019619482e+09,8.419337059e+09,1.3321205587e+10,1.3421125768e+10,Duration of an invocation in various states.,invocation_monitor_time,SUMMARY,5000000000,policy-warm-mz,2019-11-09 13:05:49.740615243
808,900,30491,52289,86058,3.0061154e+07,,,,,,,,Statistics of scheduler evaluations,workflows_scheduler_eval_time,SUMMARY,5000000000,policy-warm-mz,2019-11-09 13:05:52.740548614
809,300,2.16981698e+08,4.16939025e+08,,6.8067918091e+10,queued,1.0501543e+07,1.058856e+07,1.6983438e+07,1.11927042e+08,3.35002182e+08,4.77718968e+08,Duration of an invocation in various states.,invocation_monitor_time,SUMMARY,5000000000,policy-warm-mz,2019-11-09 13:05:52.740548614
810,25,1.3321205587e+10,1.8220852363e+10,,3.45808404596e+11,running,8.019619482e+09,8.019619482e+09,8.221274753e+09,1.3020730665e+10,1.3421125768e+10,1.8489552443e+10,Duration of an invocation in various states.,invocation_monitor_time,SUMMARY,5000000000,policy-warm-mz,2019-11-09 13:05:52.740548614
811,900,30491,52289,86058,3.0061154e+07,,,,,,,,Statistics of scheduler evaluations,workflows_scheduler_eval_time,SUMMARY,5000000000,policy-warm-mz,2019-11-09 13:05:55.740638795
812,300,2.16981698e+08,4.16939025e+08,,6.8067918091e+10,queued,1.0501543e+07,1.058856e+07,1.6983438e+07,1.11927042e+08,3.35002182e+08,4.77718968e+08,Duration of an invocation in various states.,invocation_monitor_time,SUMMARY,5000000000,policy-warm-mz,2019-11-09 13:05:55.740638795
813,30,1.3323740931e+10,1.8324550072e+10,,4.37124018966e+11,running,8.019619482e+09,8.019619482e+09,8.320520074e+09,1.3021402315e+10,1.81245541e+10,1.8489552443e+10,Duration of an invocation in various states.,invocation_monitor_time,SUMMARY,5000000000,policy-warm-mz,2019-11-09 13:05:55.740638795
814,1006,30491,52289,86058,3.4017312e+07,,,,,,,,Statistics of scheduler evaluations,workflows_scheduler_eval_time,SUMMARY,6000000000,policy-warm-mz,2019-11-09 13:06:29.265212988
815,346,2.17014653e+08,4.17036623e+08,,8.0517258926e+10,queued,1.0501543e+07,1.058856e+07,1.6989134e+07,1.11993563e+08,3.35046846e+08,4.93483484e+08,Duration of an invocation in various states.,invocation_monitor_time,SUMMARY,6000000000,policy-warm-mz,2019-11-09 13:06:29.265212988
816,1023,30491,52289,86058,3.4670757e+07,,,,,,,,Statistics of scheduler evaluations,workflows_scheduler_eval_time,SUMMARY,6000000000,policy-warm-mz,2019-11-09 13:06:32.265232031
817,360,2.16992538e+08,4.17023792e+08,,8.3601480748e+10,queued,1.0501543e+07,1.058856e+07,1.6983438e+07,1.12016629e+08,3.35046846e+08,4.93483484e+08,Duration of an invocation in various states.,invocation_monitor_time,SUMMARY,6000000000,policy-warm-mz,2019-11-09 13:06:32.265232031
818,1,3.019363108e+09,3.019363108e+09,,3.019363108e+09,running,3.019363108e+09,3.019363108e+09,3.019363108e+09,3.019363108e+09,3.019363108e+09,3.019363108e+09,Duration of an invocation in various states.,invocation_monitor_time,SUMMARY,6000000000,policy-warm-mz,2019-11-09 13:06:32.265232031
819,1037,30491,52289,86058,3.5181796e+07,,,,,,,,Statistics of scheduler evaluations,workflows_scheduler_eval_time,SUMMARY,6000000000,policy-warm-mz,2019-11-09 13:06:35.265198351
820,360,2.16992538e+08,4.17023792e+08,,8.3601480748e+10,queued,1.0501543e+07,1.058856e+07,1.6983438e+07,1.12016629e+08,3.35046846e+08,4.93483484e+08,Duration of an invocation in various states.,invocation_monitor_time,SUMMARY,6000000000,policy-warm-mz,2019-11-09 13:06:35.265198351
821,1,3.019363108e+09,3.019363108e+09,,3.019363108e+09,running,3.019363108e+09,3.019363108e+09,3.019363108e+09,3.019363108e+09,3.019363108e+09,3.019363108e+09,Duration of an invocation in various states.,invocation_monitor_time,SUMMARY,6000000000,policy-warm-mz,2019-11-09 13:06:35.265198351
822,1053,30491,52289,86058,3.5626079e+07,,,,,,,,Statistics of scheduler evaluations,workflows_scheduler_eval_time,SUMMARY,6000000000,policy-warm-mz,2019-11-09 13:06:38.265173295
823,360,2.16992538e+08,4.17023792e+08,,8.3601480748e+10,queued,1.0501543e+07,1.058856e+07,1.6983438e+07,1.12016629e+08,3.35046846e+08,4.93483484e+08,Duration of an invocation in various states.,invocation_monitor_time,SUMMARY,6000000000,policy-warm-mz,2019-11-09 13:06:38.265173295
824,2,3.019363108e+09,3.019363108e+09,,1.2339473435e+10,running,3.019363108e+09,3.019363108e+09,3.019363108e+09,3.019363108e+09,3.019363108e+09,9.320110327e+09,Duration of an invocation in various states.,invocation_monitor_time,SUMMARY,6000000000,policy-warm-mz,2019-11-09 13:06:38.265173295
825,1062,30491,52289,86058,3.5871238e+07,,,,,,,,Statistics of scheduler evaluations,workflows_scheduler_eval_time,SUMMARY,6000000000,policy-warm-mz,2019-11-09 13:06:41.265208428
826,360,2.16992538e+08,4.17023792e+08,,8.3601480748e+10,queued,1.0501543e+07,1.058856e+07,1.6983438e+07,1.12016629e+08,3.35046846e+08,4.93483484e+08,Duration of an invocation in various states.,invocation_monitor_time,SUMMARY,6000000000,policy-warm-mz,2019-11-09 13:06:41.265208428
827,3,3.019363108e+09,9.320110327e+09,,2.1661161034e+10,running,3.019363108e+09,3.019363108e+09,3.019363108e+09,3.019363108e+09,9.320110327e+09,9.321687599e+09,Duration of an invocation in various states.,invocation_monitor_time,SUMMARY,6000000000,policy-warm-mz,2019-11-09 13:06:41.265208428
828,1073,30491,52289,86058,3.6189156e+07,,,,,,,,Statistics of scheduler evaluations,workflows_scheduler_eval_time,SUMMARY,6000000000,policy-warm-mz,2019-11-09 13:06:44.265178445
829,360,2.16992538e+08,4.17023792e+08,,8.3601480748e+10,queued,1.0501543e+07,1.058856e+07,1.6983438e+07,1.12016629e+08,3.35046846e+08,4.93483484e+08,Duration of an invocation in various states.,invocation_monitor_time,SUMMARY,6000000000,policy-warm-mz,2019-11-09 13:06:44.265178445
830,6,9.321687599e+09,1.512262473e+10,,6.7227414757e+10,running,3.019363108e+09,3.019363108e+09,3.019363108e+09,3.019363108e+09,1.5023413829e+10,1.5420215164e+10,Duration of an invocation in various states.,invocation_monitor_time,SUMMARY,6000000000,policy-warm-mz,2019-11-09 13:06:44.265178445
831,1080,30491,52289,86058,3.6349669e+07,,,,,,,,Statistics of scheduler evaluations,workflows_scheduler_eval_time,SUMMARY,6000000000,policy-warm-mz,2019-11-09 13:06:47.265195510
832,360,2.16992538e+08,4.17023792e+08,,8.3601480748e+10,queued,1.0501543e+07,1.058856e+07,1.6983438e+07,1.12016629e+08,3.35046846e+08,4.93483484e+08,Duration of an invocation in various states.,invocation_monitor_time,SUMMARY,6000000000,policy-warm-mz,2019-11-09 13:06:47.265195510
833,11,1.5024602852e+10,1.5420215164e+10,,1.43641073169e+11,running,3.019363108e+09,3.019363108e+09,3.019363108e+09,9.320110327e+09,1.5324669216e+10,1.5422101558e+10,Duration of an invocation in various states.,invocation_monitor_time,SUMMARY,6000000000,policy-warm-mz,2019-11-09 13:06:47.265195510
834,1080,30491,52289,86058,3.6349669e+07,,,,,,,,Statistics of scheduler evaluations,workflows_scheduler_eval_time,SUMMARY,6000000000,policy-warm-mz,2019-11-09 13:06:50.265181047
835,360,2.16992538e+08,4.17023792e+08,,8.3601480748e+10,queued,1.0501543e+07,1.058856e+07,1.6983438e+07,1.12016629e+08,3.35046846e+08,4.93483484e+08,Duration of an invocation in various states.,invocation_monitor_time,SUMMARY,6000000000,policy-warm-mz,2019-11-09 13:06:50.265181047
836,22,1.5422101558e+10,2.1325286958e+10,,3.77549138902e+11,running,3.019363108e+09,3.019363108e+09,9.320110327e+09,1.5024602852e+10,2.1222535282e+10,2.1466287293e+10,Duration of an invocation in various states.,invocation_monitor_time,SUMMARY,6000000000,policy-warm-mz,2019-11-09 13:06:50.265181047
837,1189,30491,52289,86058,3.9928123e+07,,,,,,,,Statistics of scheduler evaluations,workflows_scheduler_eval_time,SUMMARY,7000000000,policy-warm-mz,2019-11-09 13:07:28.743541422
838,406,2.20499034e+08,4.17061307e+08,,9.3900953733e+10,queued,1.0501543e+07,1.0638051e+07,1.6989134e+07,1.12050672e+08,3.35032312e+08,4.93483484e+08,Duration of an invocation in various states.,invocation_monitor_time,SUMMARY,7000000000,policy-warm-mz,2019-11-09 13:07:28.743541422
839,1205,30491,52289,84845,4.0410958e+07,,,,,,,,Statistics of scheduler evaluations,workflows_scheduler_eval_time,SUMMARY,7000000000,policy-warm-mz,2019-11-09 13:07:31.743482497
840,420,2.17014653e+08,4.17036623e+08,,9.7093758504e+10,queued,1.0501543e+07,1.0638051e+07,1.6989134e+07,1.12545329e+08,3.35032312e+08,4.93483484e+08,Duration of an invocation in various states.,invocation_monitor_time,SUMMARY,7000000000,policy-warm-mz,2019-11-09 13:07:31.743482497
841,1210,30491,52289,84845,4.0602607e+07,,,,,,,,Statistics of scheduler evaluations,workflows_scheduler_eval_time,SUMMARY,7000000000,policy-warm-mz,2019-11-09 13:07:34.743489485
842,420,2.17014653e+08,4.17036623e+08,,9.7093758504e+10,queued,1.0501543e+07,1.0638051e+07,1.6989134e+07,1.12545329e+08,3.35032312e+08,4.93483484e+08,Duration of an invocation in various states.,invocation_monitor_time,SUMMARY,7000000000,policy-warm-mz,2019-11-09 13:07:34.743489485
843,1227,30491,52289,84845,4.1070767e+07,,,,,,,,Statistics of scheduler evaluations,workflows_scheduler_eval_time,SUMMARY,7000000000,policy-warm-mz,2019-11-09 13:07:37.743493165
844,420,2.17014653e+08,4.17036623e+08,,9.7093758504e+10,queued,1.0501543e+07,1.0638051e+07,1.6989134e+07,1.12545329e+08,3.35032312e+08,4.93483484e+08,Duration of an invocation in various states.,invocation_monitor_time,SUMMARY,7000000000,policy-warm-mz,2019-11-09 13:07:37.743493165
845,1,1.0420325981e+10,1.0420325981e+10,,1.0420325981e+10,running,1.0420325981e+10,1.0420325981e+10,1.0420325981e+10,1.0420325981e+10,1.0420325981e+10,1.0420325981e+10,Duration of an invocation in various states.,invocation_monitor_time,SUMMARY,7000000000,policy-warm-mz,2019-11-09 13:07:37.743493165
846,1240,30491,52289,84845,4.1433182e+07,,,,,,,,Statistics of scheduler evaluations,workflows_scheduler_eval_time,SUMMARY,7000000000,policy-warm-mz,2019-11-09 13:07:40.743486643
847,420,2.17014653e+08,4.17036623e+08,,9.7093758504e+10,queued,1.0501543e+07,1.0638051e+07,1.6989134e+07,1.12545329e+08,3.35032312e+08,4.93483484e+08,Duration of an invocation in various states.,invocation_monitor_time,SUMMARY,7000000000,policy-warm-mz,2019-11-09 13:07:40.743486643
848,1,1.0420325981e+10,1.0420325981e+10,,1.0420325981e+10,running,1.0420325981e+10,1.0420325981e+10,1.0420325981e+10,1.0420325981e+10,1.0420325981e+10,1.0420325981e+10,Duration of an invocation in various states.,invocation_monitor_time,SUMMARY,7000000000,policy-warm-mz,2019-11-09 13:07:40.743486643
849,1248,30491,52289,84845,4.1620587e+07,,,,,,,,Statistics of scheduler evaluations,workflows_scheduler_eval_time,SUMMARY,7000000000,policy-warm-mz,2019-11-09 13:07:43.743495215
850,420,2.17014653e+08,4.17036623e+08,,9.7093758504e+10,queued,1.0501543e+07,1.0638051e+07,1.6989134e+07,1.12545329e+08,3.35032312e+08,4.93483484e+08,Duration of an invocation in various states.,invocation_monitor_time,SUMMARY,7000000000,policy-warm-mz,2019-11-09 13:07:43.743495215
851,5,1.7124931147e+10,1.7324081391e+10,,7.9576401114e+10,running,1.0420325981e+10,1.0420325981e+10,1.0420325981e+10,1.0420325981e+10,1.7220829793e+10,1.7486232802e+10,Duration of an invocation in various states.,invocation_monitor_time,SUMMARY,7000000000,policy-warm-mz,2019-11-09 13:07:43.743495215
852,1257,30491,52289,86058,4.1931329e+07,,,,,,,,Statistics of scheduler evaluations,workflows_scheduler_eval_time,SUMMARY,7000000000,policy-warm-mz,2019-11-09 13:07:46.743445245
853,420,2.17014653e+08,4.17036623e+08,,9.7093758504e+10,queued,1.0501543e+07,1.0638051e+07,1.6989134e+07,1.12545329e+08,3.35032312e+08,4.93483484e+08,Duration of an invocation in various states.,invocation_monitor_time,SUMMARY,7000000000,policy-warm-mz,2019-11-09 13:07:46.743445245
854,13,1.7124931147e+10,1.7324081391e+10,,2.16951668034e+11,running,1.0420325981e+10,1.0420325981e+10,1.0420325981e+10,1.7022705184e+10,1.7220829793e+10,1.7486232802e+10,Duration of an invocation in various states.,invocation_monitor_time,SUMMARY,7000000000,policy-warm-mz,2019-11-09 13:07:46.743445245
855,1260,30491,52289,86058,4.1998419e+07,,,,,,,,Statistics of scheduler evaluations,workflows_scheduler_eval_time,SUMMARY,7000000000,policy-warm-mz,2019-11-09 13:07:49.743470449
856,420,2.17014653e+08,4.17036623e+08,,9.7093758504e+10,queued,1.0501543e+07,1.0638051e+07,1.6989134e+07,1.12545329e+08,3.35032312e+08,4.93483484e+08,Duration of an invocation in various states.,invocation_monitor_time,SUMMARY,7000000000,policy-warm-mz,2019-11-09 13:07:49.743470449
857,15,1.7220146882e+10,1.7422279517e+10,,2.51598031765e+11,running,1.0420325981e+10,1.0420325981e+10,1.0420325981e+10,1.7022705184e+10,1.7223637432e+10,1.7486232802e+10,Duration of an invocation in various states.,invocation_monitor_time,SUMMARY,7000000000,policy-warm-mz,2019-11-09 13:07:49.743470449
858,1260,30491,52289,86058,4.1998419e+07,,,,,,,,Statistics of scheduler evaluations,workflows_scheduler_eval_time,SUMMARY,7000000000,policy-warm-mz,2019-11-09 13:07:52.743475382
859,420,2.17014653e+08,4.17036623e+08,,9.7093758504e+10,queued,1.0501543e+07,1.0638051e+07,1.6989134e+07,1.12545329e+08,3.35032312e+08,4.93483484e+08,Duration of an invocation in various states.,invocation_monitor_time,SUMMARY,7000000000,policy-warm-mz,2019-11-09 13:07:52.743475382
860,22,1.7223637432e+10,2.432593307e+10,,4.21265903602e+11,running,1.0420325981e+10,1.0420325981e+10,1.7021140226e+10,1.7123979321e+10,2.4022642239e+10,2.4422271977e+10,Duration of an invocation in various states.,invocation_monitor_time,SUMMARY,7000000000,policy-warm-mz,2019-11-09 13:07:52.743475382
861,1260,30491,52289,86058,4.1998419e+07,,,,,,,,Statistics of scheduler evaluations,workflows_scheduler_eval_time,SUMMARY,7000000000,policy-warm-mz,2019-11-09 13:07:55.743498332
862,420,2.17014653e+08,4.17036623e+08,,9.7093758504e+10,queued,1.0501543e+07,1.0638051e+07,1.6989134e+07,1.12545329e+08,3.35032312e+08,4.93483484e+08,Duration of an invocation in various states.,invocation_monitor_time,SUMMARY,7000000000,policy-warm-mz,2019-11-09 13:07:55.743498332
863,30,1.7486232802e+10,2.4327026105e+10,,6.15168024785e+11,running,1.0420325981e+10,1.0420325981e+10,1.7022705184e+10,1.7220146882e+10,2.4223746184e+10,2.442232774e+10,Duration of an invocation in various states.,invocation_monitor_time,SUMMARY,7000000000,policy-warm-mz,2019-11-09 13:07:55.743498332
864,1367,30491,52289,86058,4.5560215e+07,,,,,,,,Statistics of scheduler evaluations,workflows_scheduler_eval_time,SUMMARY,8000000000,policy-warm-mz,2019-11-09 13:08:35.278560334
865,466,2.20499655e+08,4.17076131e+08,,1.09490881276e+11,queued,1.0501543e+07,1.0638051e+07,1.7004071e+07,1.12639085e+08,3.44662889e+08,4.93483484e+08,Duration of an invocation in various states.,invocation_monitor_time,SUMMARY,8000000000,policy-warm-mz,2019-11-09 13:08:35.278560334
866,1386,30491,52289,86058,4.6226955e+07,,,,,,,,Statistics of scheduler evaluations,workflows_scheduler_eval_time,SUMMARY,8000000000,policy-warm-mz,2019-11-09 13:08:38.278612337
867,480,2.20499034e+08,4.17061307e+08,,1.12592636402e+11,queued,1.0501543e+07,1.0638051e+07,1.6989134e+07,1.12646937e+08,3.44662889e+08,4.93483484e+08,Duration of an invocation in various states.,invocation_monitor_time,SUMMARY,8000000000,policy-warm-mz,2019-11-09 13:08:38.278612337
868,1387,30491,52289,86058,4.6256363e+07,,,,,,,,Statistics of scheduler evaluations,workflows_scheduler_eval_time,SUMMARY,8000000000,policy-warm-mz,2019-11-09 13:08:41.278550075
869,480,2.20499034e+08,4.17061307e+08,,1.12592636402e+11,queued,1.0501543e+07,1.0638051e+07,1.6989134e+07,1.12646937e+08,3.44662889e+08,4.93483484e+08,Duration of an invocation in various states.,invocation_monitor_time,SUMMARY,8000000000,policy-warm-mz,2019-11-09 13:08:41.278550075
870,1403,30491,52289,86058,4.6952859e+07,,,,,,,,Statistics of scheduler evaluations,workflows_scheduler_eval_time,SUMMARY,8000000000,policy-warm-mz,2019-11-09 13:08:44.278549139
871,480,2.20499034e+08,4.17061307e+08,,1.12592636402e+11,queued,1.0501543e+07,1.0638051e+07,1.6989134e+07,1.12646937e+08,3.44662889e+08,4.93483484e+08,Duration of an invocation in various states.,invocation_monitor_time,SUMMARY,8000000000,policy-warm-mz,2019-11-09 13:08:44.278549139
872,1418,30491,52289,86058,4.7332714e+07,,,,,,,,Statistics of scheduler evaluations,workflows_scheduler_eval_time,SUMMARY,8000000000,policy-warm-mz,2019-11-09 13:08:47.278558708
873,480,2.20499034e+08,4.17061307e+08,,1.12592636402e+11,queued,1.0501543e+07,1.0638051e+07,1.6989134e+07,1.12646937e+08,3.44662889e+08,4.93483484e+08,Duration of an invocation in various states.,invocation_monitor_time,SUMMARY,8000000000,policy-warm-mz,2019-11-09 13:08:47.278558708
874,3,1.1120954053e+10,1.1121870698e+10,,3.3663125819e+10,running,1.1120954053e+10,1.1120954053e+10,1.1120954053e+10,1.1120954053e+10,1.1121870698e+10,1.1420301068e+10,Duration of an invocation in various states.,invocation_monitor_time,SUMMARY,8000000000,policy-warm-mz,2019-11-09 13:08:47.278558708
875,1419,30491,52289,86058,4.7355332e+07,,,,,,,,Statistics of scheduler evaluations,workflows_scheduler_eval_time,SUMMARY,8000000000,policy-warm-mz,2019-11-09 13:08:50.278565643
876,480,2.20499034e+08,4.17061307e+08,,1.12592636402e+11,queued,1.0501543e+07,1.0638051e+07,1.6989134e+07,1.12646937e+08,3.44662889e+08,4.93483484e+08,Duration of an invocation in various states.,invocation_monitor_time,SUMMARY,8000000000,policy-warm-mz,2019-11-09 13:08:50.278565643
877,3,1.1120954053e+10,1.1121870698e+10,,3.3663125819e+10,running,1.1120954053e+10,1.1120954053e+10,1.1120954053e+10,1.1120954053e+10,1.1121870698e+10,1.1420301068e+10,Duration of an invocation in various states.,invocation_monitor_time,SUMMARY,8000000000,policy-warm-mz,2019-11-09 13:08:50.278565643
878,1432,30491,52289,86058,4.7638595e+07,,,,,,,,Statistics of scheduler evaluations,workflows_scheduler_eval_time,SUMMARY,8000000000,policy-warm-mz,2019-11-09 13:08:53.278597722
879,480,2.20499034e+08,4.17061307e+08,,1.12592636402e+11,queued,1.0501543e+07,1.0638051e+07,1.6989134e+07,1.12646937e+08,3.44662889e+08,4.93483484e+08,Duration of an invocation in various states.,invocation_monitor_time,SUMMARY,8000000000,policy-warm-mz,2019-11-09 13:08:53.278597722
880,6,1.1420301068e+10,1.9325170618e+10,,9.1642159582e+10,running,1.1120954053e+10,1.1120954053e+10,1.1120954053e+10,1.1120954053e+10,1.9227922817e+10,1.9425940328e+10,Duration of an invocation in various states.,invocation_monitor_time,SUMMARY,8000000000,policy-warm-mz,2019-11-09 13:08:53.278597722
881,1440,30491,52289,86058,4.7825092e+07,,,,,,,,Statistics of scheduler evaluations,workflows_scheduler_eval_time,SUMMARY,8000000000,policy-warm-mz,2019-11-09 13:08:56.278531915
882,480,2.20499034e+08,4.17061307e+08,,1.12592636402e+11,queued,1.0501543e+07,1.0638051e+07,1.6989134e+07,1.12646937e+08,3.44662889e+08,4.93483484e+08,Duration of an invocation in various states.,invocation_monitor_time,SUMMARY,8000000000,policy-warm-mz,2019-11-09 13:08:56.278531915
883,13,1.9123817197e+10,1.9325170618e+10,,2.25901767175e+11,running,1.1120954053e+10,1.1120954053e+10,1.1120954053e+10,1.1420301068e+10,1.9227922817e+10,1.9425940328e+10,Duration of an invocation in various states.,invocation_monitor_time,SUMMARY,8000000000,policy-warm-mz,2019-11-09 13:08:56.278531915
884,1440,30491,52289,86058,4.7825092e+07,,,,,,,,Statistics of scheduler evaluations,workflows_scheduler_eval_time,SUMMARY,8000000000,policy-warm-mz,2019-11-09 13:08:59.278602597
885,480,2.20499034e+08,4.17061307e+08,,1.12592636402e+11,queued,1.0501543e+07,1.0638051e+07,1.6989134e+07,1.12646937e+08,3.44662889e+08,4.93483484e+08,Duration of an invocation in various states.,invocation_monitor_time,SUMMARY,8000000000,policy-warm-mz,2019-11-09 13:08:59.278602597
886,16,1.9125031838e+10,1.942213547e+10,,2.83671199617e+11,running,1.1120954053e+10,1.1120954053e+10,1.1120954053e+10,1.9021032996e+10,1.9325001463e+10,1.9425940328e+10,Duration of an invocation in various states.,invocation_monitor_time,SUMMARY,8000000000,policy-warm-mz,2019-11-09 13:08:59.278602597
887,1440,30491,52289,86058,4.7825092e+07,,,,,,,,Statistics of scheduler evaluations,workflows_scheduler_eval_time,SUMMARY,8000000000,policy-warm-mz,2019-11-09 13:09:02.278595049
888,480,2.20499034e+08,4.17061307e+08,,1.12592636402e+11,queued,1.0501543e+07,1.0638051e+07,1.6989134e+07,1.12646937e+08,3.44662889e+08,4.93483484e+08,Duration of an invocation in various states.,invocation_monitor_time,SUMMARY,8000000000,policy-warm-mz,2019-11-09 13:09:02.278595049
889,27,1.9325170618e+10,2.7327076461e+10,,5.83287995871e+11,running,1.1120954053e+10,1.1120954053e+10,1.1121870698e+10,1.902246866e+10,2.7127073551e+10,2.7455755152e+10,Duration of an invocation in various states.,invocation_monitor_time,SUMMARY,8000000000,policy-warm-mz,2019-11-09 13:09:02.278595049
890,1548,30491,52289,86058,5.1421569e+07,,,,,,,,Statistics of scheduler evaluations,workflows_scheduler_eval_time,SUMMARY,9000000000,policy-warm-mz,2019-11-09 13:09:47.276656448
891,526,2.16981698e+08,4.17023792e+08,,1.22509681069e+11,queued,8.13852e+06,1.0501543e+07,1.698131e+07,1.12573451e+08,3.44662889e+08,4.93483484e+08,Duration of an invocation in various states.,invocation_monitor_time,SUMMARY,9000000000,policy-warm-mz,2019-11-09 13:09:47.276656448
892,1564,30491,52289,86058,5.1958549e+07,,,,,,,,Statistics of scheduler evaluations,workflows_scheduler_eval_time,SUMMARY,9000000000,policy-warm-mz,2019-11-09 13:09:50.276619299
893,540,2.1695673e+08,4.1688974e+08,,1.25621802119e+11,queued,8.13852e+06,1.0501543e+07,1.520712e+07,1.12573451e+08,3.35086727e+08,4.93483484e+08,Duration of an invocation in various states.,invocation_monitor_time,SUMMARY,9000000000,policy-warm-mz,2019-11-09 13:09:50.276619299
894,1564,30491,52289,86058,5.1958549e+07,,,,,,,,Statistics of scheduler evaluations,workflows_scheduler_eval_time,SUMMARY,9000000000,policy-warm-mz,2019-11-09 13:09:53.276639484
895,540,2.1695673e+08,4.1688974e+08,,1.25621802119e+11,queued,8.13852e+06,1.0501543e+07,1.520712e+07,1.12573451e+08,3.35086727e+08,4.93483484e+08,Duration of an invocation in various states.,invocation_monitor_time,SUMMARY,9000000000,policy-warm-mz,2019-11-09 13:09:53.276639484
896,1575,30491,52289,86058,5.2268652e+07,,,,,,,,Statistics of scheduler evaluations,workflows_scheduler_eval_time,SUMMARY,9000000000,policy-warm-mz,2019-11-09 13:09:56.276643933
897,540,2.1695673e+08,4.1688974e+08,,1.25621802119e+11,queued,8.13852e+06,1.0501543e+07,1.520712e+07,1.12573451e+08,3.35086727e+08,4.93483484e+08,Duration of an invocation in various states.,invocation_monitor_time,SUMMARY,9000000000,policy-warm-mz,2019-11-09 13:09:56.276643933
898,1591,30491,52289,86058,5.2749479e+07,,,,,,,,Statistics of scheduler evaluations,workflows_scheduler_eval_time,SUMMARY,9000000000,policy-warm-mz,2019-11-09 13:09:59.276631116
899,540,2.1695673e+08,4.1688974e+08,,1.25621802119e+11,queued,8.13852e+06,1.0501543e+07,1.520712e+07,1.12573451e+08,3.35086727e+08,4.93483484e+08,Duration of an invocation in various states.,invocation_monitor_time,SUMMARY,9000000000,policy-warm-mz,2019-11-09 13:09:59.276631116
900,3,1.2021613048e+10,1.2027349059e+10,,3.6505342137e+10,running,1.2021613048e+10,1.2021613048e+10,1.2021613048e+10,1.2021613048e+10,1.2027349059e+10,1.245638003e+10,Duration of an invocation in various states.,invocation_monitor_time,SUMMARY,9000000000,policy-warm-mz,2019-11-09 13:09:59.276631116
901,1598,30491,52289,86058,5.29564e+07,,,,,,,,Statistics of scheduler evaluations,workflows_scheduler_eval_time,SUMMARY,9000000000,policy-warm-mz,2019-11-09 13:10:02.276695878
902,540,2.1695673e+08,4.1688974e+08,,1.25621802119e+11,queued,8.13852e+06,1.0501543e+07,1.520712e+07,1.12573451e+08,3.35086727e+08,4.93483484e+08,Duration of an invocation in various states.,invocation_monitor_time,SUMMARY,9000000000,policy-warm-mz,2019-11-09 13:10:02.276695878
903,4,1.2027349059e+10,1.2422832326e+10,,4.8928174463e+10,running,1.2021613048e+10,1.2021613048e+10,1.2021613048e+10,1.2021613048e+10,1.2422832326e+10,1.245638003e+10,Duration of an invocation in various states.,invocation_monitor_time,SUMMARY,9000000000,policy-warm-mz,2019-11-09 13:10:02.276695878
904,1602,30491,52289,86058,5.3048363e+07,,,,,,,,Statistics of scheduler evaluations,workflows_scheduler_eval_time,SUMMARY,9000000000,policy-warm-mz,2019-11-09 13:10:05.276794869
905,540,2.1695673e+08,4.1688974e+08,,1.25621802119e+11,queued,8.13852e+06,1.0501543e+07,1.520712e+07,1.12573451e+08,3.35086727e+08,4.93483484e+08,Duration of an invocation in various states.,invocation_monitor_time,SUMMARY,9000000000,policy-warm-mz,2019-11-09 13:10:05.276794869
906,4,1.2027349059e+10,1.2422832326e+10,,4.8928174463e+10,running,1.2021613048e+10,1.2021613048e+10,1.2021613048e+10,1.2021613048e+10,1.2422832326e+10,1.245638003e+10,Duration of an invocation in various states.,invocation_monitor_time,SUMMARY,9000000000,policy-warm-mz,2019-11-09 13:10:05.276794869
907,1614,30491,52289,86058,5.334394e+07,,,,,,,,Statistics of scheduler evaluations,workflows_scheduler_eval_time,SUMMARY,9000000000,policy-warm-mz,2019-11-09 13:10:08.276682545
908,540,2.1695673e+08,4.1688974e+08,,1.25621802119e+11,queued,8.13852e+06,1.0501543e+07,1.520712e+07,1.12573451e+08,3.35086727e+08,4.93483484e+08,Duration of an invocation in various states.,invocation_monitor_time,SUMMARY,9000000000,policy-warm-mz,2019-11-09 13:10:08.276682545
909,7,1.2422832326e+10,2.1324188242e+10,,1.12701935588e+11,running,1.2021613048e+10,1.2021613048e+10,1.2021613048e+10,1.2021613048e+10,2.1124053987e+10,2.1325518896e+10,Duration of an invocation in various states.,invocation_monitor_time,SUMMARY,9000000000,policy-warm-mz,2019-11-09 13:10:08.276682545
910,1620,30491,52289,86058,5.3526336e+07,,,,,,,,Statistics of scheduler evaluations,workflows_scheduler_eval_time,SUMMARY,9000000000,policy-warm-mz,2019-11-09 13:10:11.276652303
911,540,2.1695673e+08,4.1688974e+08,,1.25621802119e+11,queued,8.13852e+06,1.0501543e+07,1.520712e+07,1.12573451e+08,3.35086727e+08,4.93483484e+08,Duration of an invocation in various states.,invocation_monitor_time,SUMMARY,9000000000,policy-warm-mz,2019-11-09 13:10:11.276652303
912,11,2.1022781685e+10,2.1324188242e+10,,1.97298115108e+11,running,1.2021613048e+10,1.2021613048e+10,1.2021613048e+10,1.2027349059e+10,2.1223342838e+10,2.1325785092e+10,Duration of an invocation in various states.,invocation_monitor_time,SUMMARY,9000000000,policy-warm-mz,2019-11-09 13:10:11.276652303
913,1620,30491,52289,86058,5.3526336e+07,,,,,,,,Statistics of scheduler evaluations,workflows_scheduler_eval_time,SUMMARY,9000000000,policy-warm-mz,2019-11-09 13:10:14.276635901
914,540,2.1695673e+08,4.1688974e+08,,1.25621802119e+11,queued,8.13852e+06,1.0501543e+07,1.520712e+07,1.12573451e+08,3.35086727e+08,4.93483484e+08,Duration of an invocation in various states.,invocation_monitor_time,SUMMARY,9000000000,policy-warm-mz,2019-11-09 13:10:14.276635901
915,11,2.1022781685e+10,2.1324188242e+10,,1.97298115108e+11,running,1.2021613048e+10,1.2021613048e+10,1.2021613048e+10,1.2027349059e+10,2.1223342838e+10,2.1325785092e+10,Duration of an invocation in various states.,invocation_monitor_time,SUMMARY,9000000000,policy-warm-mz,2019-11-09 13:10:14.276635901
916,1620,30491,52289,86058,5.3526336e+07,,,,,,,,Statistics of scheduler evaluations,workflows_scheduler_eval_time,SUMMARY,9000000000,policy-warm-mz,2019-11-09 13:10:17.276602819
917,540,2.1695673e+08,4.1688974e+08,,1.25621802119e+11,queued,8.13852e+06,1.0501543e+07,1.520712e+07,1.12573451e+08,3.35086727e+08,4.93483484e+08,Duration of an invocation in various states.,invocation_monitor_time,SUMMARY,9000000000,policy-warm-mz,2019-11-09 13:10:17.276602819
918,21,2.1325518896e+10,3.0327571097e+10,,4.99864613292e+11,running,1.2021613048e+10,1.2021613048e+10,1.2027349059e+10,2.1022781685e+10,3.0224477747e+10,3.0429047562e+10,Duration of an invocation in various states.,invocation_monitor_time,SUMMARY,9000000000,policy-warm-mz,2019-11-09 13:10:17.276602819
919,1726,30491,52289,84845,5.6979549e+07,,,,,,,,Statistics of scheduler evaluations,workflows_scheduler_eval_time,SUMMARY,10000000000,policy-warm-mz,2019-11-09 13:11:04.783431160
920,586,2.16992538e+08,4.17036623e+08,,1.38229903862e+11,queued,8.13852e+06,1.0501543e+07,1.698131e+07,1.12682162e+08,3.44822781e+08,4.97852828e+08,Duration of an invocation in various states.,invocation_monitor_time,SUMMARY,10000000000,policy-warm-mz,2019-11-09 13:11:04.783431160
921,1741,30491,52289,84845,5.7471133e+07,,,,,,,,Statistics of scheduler evaluations,workflows_scheduler_eval_time,SUMMARY,10000000000,policy-warm-mz,2019-11-09 13:11:07.783388634
922,600,2.16981698e+08,4.16939025e+08,,1.41456083409e+11,queued,8.13852e+06,1.0501543e+07,1.6206927e+07,1.13100843e+08,3.44779747e+08,4.97852828e+08,Duration of an invocation in various states.,invocation_monitor_time,SUMMARY,10000000000,policy-warm-mz,2019-11-09 13:11:07.783388634
923,1741,30491,52289,84845,5.7471133e+07,,,,,,,,Statistics of scheduler evaluations,workflows_scheduler_eval_time,SUMMARY,10000000000,policy-warm-mz,2019-11-09 13:11:10.783390370
924,600,2.16981698e+08,4.16939025e+08,,1.41456083409e+11,queued,8.13852e+06,1.0501543e+07,1.6206927e+07,1.13100843e+08,3.44779747e+08,4.97852828e+08,Duration of an invocation in various states.,invocation_monitor_time,SUMMARY,10000000000,policy-warm-mz,2019-11-09 13:11:10.783390370
925,1747,30491,52289,84845,5.7667297e+07,,,,,,,,Statistics of scheduler evaluations,workflows_scheduler_eval_time,SUMMARY,10000000000,policy-warm-mz,2019-11-09 13:11:13.783378952
926,600,2.16981698e+08,4.16939025e+08,,1.41456083409e+11,queued,8.13852e+06,1.0501543e+07,1.6206927e+07,1.13100843e+08,3.44779747e+08,4.97852828e+08,Duration of an invocation in various states.,invocation_monitor_time,SUMMARY,10000000000,policy-warm-mz,2019-11-09 13:11:13.783378952
927,1764,30491,52289,84845,5.8122679e+07,,,,,,,,Statistics of scheduler evaluations,workflows_scheduler_eval_time,SUMMARY,10000000000,policy-warm-mz,2019-11-09 13:11:16.783388634
928,600,2.16981698e+08,4.16939025e+08,,1.41456083409e+11,queued,8.13852e+06,1.0501543e+07,1.6206927e+07,1.13100843e+08,3.44779747e+08,4.97852828e+08,Duration of an invocation in various states.,invocation_monitor_time,SUMMARY,10000000000,policy-warm-mz,2019-11-09 13:11:16.783388634
929,1777,30491,52289,84845,5.8475314e+07,,,,,,,,Statistics of scheduler evaluations,workflows_scheduler_eval_time,SUMMARY,10000000000,policy-warm-mz,2019-11-09 13:11:19.783399524
930,600,2.16981698e+08,4.16939025e+08,,1.41456083409e+11,queued,8.13852e+06,1.0501543e+07,1.6206927e+07,1.13100843e+08,3.44779747e+08,4.97852828e+08,Duration of an invocation in various states.,invocation_monitor_time,SUMMARY,10000000000,policy-warm-mz,2019-11-09 13:11:19.783399524
931,1777,30491,52289,84845,5.8475314e+07,,,,,,,,Statistics of scheduler evaluations,workflows_scheduler_eval_time,SUMMARY,10000000000,policy-warm-mz,2019-11-09 13:11:22.783395535
932,600,2.16981698e+08,4.16939025e+08,,1.41456083409e+11,queued,8.13852e+06,1.0501543e+07,1.6206927e+07,1.13100843e+08,3.44779747e+08,4.97852828e+08,Duration of an invocation in various states.,invocation_monitor_time,SUMMARY,10000000000,policy-warm-mz,2019-11-09 13:11:22.783395535
933,1786,30491,48517,84845,5.8692853e+07,,,,,,,,Statistics of scheduler evaluations,workflows_scheduler_eval_time,SUMMARY,10000000000,policy-warm-mz,2019-11-09 13:11:25.783397076
934,600,2.16981698e+08,4.16939025e+08,,1.41456083409e+11,queued,8.13852e+06,1.0501543e+07,1.6206927e+07,1.13100843e+08,3.44779747e+08,4.97852828e+08,Duration of an invocation in various states.,invocation_monitor_time,SUMMARY,10000000000,policy-warm-mz,2019-11-09 13:11:25.783397076
935,2,2.3127931627e+10,2.3127931627e+10,,4.6579564522e+10,running,2.3127931627e+10,2.3127931627e+10,2.3127931627e+10,2.3127931627e+10,2.3127931627e+10,2.3451632895e+10,Duration of an invocation in various states.,invocation_monitor_time,SUMMARY,10000000000,policy-warm-mz,2019-11-09 13:11:25.783397076
936,1796,30491,48517,84845,5.8903836e+07,,,,,,,,Statistics of scheduler evaluations,workflows_scheduler_eval_time,SUMMARY,10000000000,policy-warm-mz,2019-11-09 13:11:28.783385956
937,600,2.16981698e+08,4.16939025e+08,,1.41456083409e+11,queued,8.13852e+06,1.0501543e+07,1.6206927e+07,1.13100843e+08,3.44779747e+08,4.97852828e+08,Duration of an invocation in various states.,invocation_monitor_time,SUMMARY,10000000000,policy-warm-mz,2019-11-09 13:11:28.783385956
938,11,2.3127931627e+10,2.3423400593e+10,,2.5560181011e+11,running,2.3023979476e+10,2.3023979476e+10,2.3023979476e+10,2.3126092435e+10,2.3324947854e+10,2.3451632895e+10,Duration of an invocation in various states.,invocation_monitor_time,SUMMARY,10000000000,policy-warm-mz,2019-11-09 13:11:28.783385956
939,1800,30491,48517,84845,5.8987409e+07,,,,,,,,Statistics of scheduler evaluations,workflows_scheduler_eval_time,SUMMARY,10000000000,policy-warm-mz,2019-11-09 13:11:31.783386706
940,600,2.16981698e+08,4.16939025e+08,,1.41456083409e+11,queued,8.13852e+06,1.0501543e+07,1.6206927e+07,1.13100843e+08,3.44779747e+08,4.97852828e+08,Duration of an invocation in various states.,invocation_monitor_time,SUMMARY,10000000000,policy-warm-mz,2019-11-09 13:11:31.783386706
941,14,2.3223351957e+10,2.3423719561e+10,,3.25575730921e+11,running,2.3023979476e+10,2.3023979476e+10,2.3023979476e+10,2.31263126e+10,2.3325362229e+10,2.3451632895e+10,Duration of an invocation in various states.,invocation_monitor_time,SUMMARY,10000000000,policy-warm-mz,2019-11-09 13:11:31.783386706
942,1800,30491,48517,84845,5.8987409e+07,,,,,,,,Statistics of scheduler evaluations,workflows_scheduler_eval_time,SUMMARY,10000000000,policy-warm-mz,2019-11-09 13:11:34.783381001
943,600,2.16981698e+08,4.16939025e+08,,1.41456083409e+11,queued,8.13852e+06,1.0501543e+07,1.6206927e+07,1.13100843e+08,3.44779747e+08,4.97852828e+08,Duration of an invocation in various states.,invocation_monitor_time,SUMMARY,10000000000,policy-warm-mz,2019-11-09 13:11:34.783381001
944,14,2.3223351957e+10,2.3423719561e+10,,3.25575730921e+11,running,2.3023979476e+10,2.3023979476e+10,2.3023979476e+10,2.31263126e+10,2.3325362229e+10,2.3451632895e+10,Duration of an invocation in various states.,invocation_monitor_time,SUMMARY,10000000000,policy-warm-mz,2019-11-09 13:11:34.783381001
945,1800,30491,48517,84845,5.8987409e+07,,,,,,,,Statistics of scheduler evaluations,workflows_scheduler_eval_time,SUMMARY,10000000000,policy-warm-mz,2019-11-09 13:11:37.783372527
946,600,2.16981698e+08,4.16939025e+08,,1.41456083409e+11,queued,8.13852e+06,1.0501543e+07,1.6206927e+07,1.13100843e+08,3.44779747e+08,4.97852828e+08,Duration of an invocation in various states.,invocation_monitor_time,SUMMARY,10000000000,policy-warm-mz,2019-11-09 13:11:37.783372527
947,22,2.3423400593e+10,3.3329574211e+10,,5.91691841938e+11,running,2.3023979476e+10,2.3023979476e+10,2.3126092435e+10,2.3127931627e+10,3.3025524132e+10,3.3425192145e+10,Duration of an invocation in various states.,invocation_monitor_time,SUMMARY,10000000000,policy-warm-mz,2019-11-09 13:11:37.783372527
948,1907,30491,48517,83191,6.2349985e+07,,,,,,,,Statistics of scheduler evaluations,workflows_scheduler_eval_time,SUMMARY,11000000000,policy-warm-mz,2019-11-09 13:12:29.282243695
949,646,2.1695673e+08,4.16939025e+08,,1.51222568168e+11,queued,1.909727e+06,8.165704e+06,1.6155377e+07,1.12639085e+08,3.44767969e+08,4.97852828e+08,Duration of an invocation in various states.,invocation_monitor_time,SUMMARY,11000000000,policy-warm-mz,2019-11-09 13:12:29.282243695
950,1921,30491,48517,83191,6.2821739e+07,,,,,,,,Statistics of scheduler evaluations,workflows_scheduler_eval_time,SUMMARY,11000000000,policy-warm-mz,2019-11-09 13:12:32.282198642
951,660,2.16992538e+08,4.17023792e+08,,1.54369169936e+11,queued,1.909727e+06,8.165704e+06,1.6206927e+07,1.12639085e+08,3.44731408e+08,4.97852828e+08,Duration of an invocation in various states.,invocation_monitor_time,SUMMARY,11000000000,policy-warm-mz,2019-11-09 13:12:32.282198642
952,1921,30491,48517,83191,6.2821739e+07,,,,,,,,Statistics of scheduler evaluations,workflows_scheduler_eval_time,SUMMARY,11000000000,policy-warm-mz,2019-11-09 13:12:35.282219429
953,660,2.16992538e+08,4.17023792e+08,,1.54369169936e+11,queued,1.909727e+06,8.165704e+06,1.6206927e+07,1.12639085e+08,3.44731408e+08,4.97852828e+08,Duration of an invocation in various states.,invocation_monitor_time,SUMMARY,11000000000,policy-warm-mz,2019-11-09 13:12:35.282219429
954,1921,30461,46823,79207,6.2821739e+07,,,,,,,,Statistics of scheduler evaluations,workflows_scheduler_eval_time,SUMMARY,11000000000,policy-warm-mz,2019-11-09 13:12:38.282216241
955,660,2.16992538e+08,4.17023792e+08,,1.54369169936e+11,queued,1.909727e+06,8.165704e+06,1.6206927e+07,1.12639085e+08,3.44731408e+08,4.97852828e+08,Duration of an invocation in various states.,invocation_monitor_time,SUMMARY,11000000000,policy-warm-mz,2019-11-09 13:12:38.282216241
956,1940,30461,46823,79207,6.3350622e+07,,,,,,,,Statistics of scheduler evaluations,workflows_scheduler_eval_time,SUMMARY,11000000000,policy-warm-mz,2019-11-09 13:12:41.282189265
957,660,2.16992538e+08,4.17023792e+08,,1.54369169936e+11,queued,1.909727e+06,8.165704e+06,1.6206927e+07,1.12639085e+08,3.44731408e+08,4.97852828e+08,Duration of an invocation in various states.,invocation_monitor_time,SUMMARY,11000000000,policy-warm-mz,2019-11-09 13:12:41.282189265
958,1958,30461,46823,79207,6.3924929e+07,,,,,,,,Statistics of scheduler evaluations,workflows_scheduler_eval_time,SUMMARY,11000000000,policy-warm-mz,2019-11-09 13:12:44.282184776
959,660,2.16992538e+08,4.17023792e+08,,1.54369169936e+11,queued,1.909727e+06,8.165704e+06,1.6206927e+07,1.12639085e+08,3.44731408e+08,4.97852828e+08,Duration of an invocation in various states.,invocation_monitor_time,SUMMARY,11000000000,policy-warm-mz,2019-11-09 13:12:44.282184776
960,1960,30461,46823,79207,6.397092e+07,,,,,,,,Statistics of scheduler evaluations,workflows_scheduler_eval_time,SUMMARY,11000000000,policy-warm-mz,2019-11-09 13:12:47.282168126
961,660,2.16117371e+08,4.16160303e+08,,1.54369169936e+11,queued,1.909727e+06,2.056305e+06,1.520712e+07,1.13120751e+08,3.91364502e+08,4.97852828e+08,Duration of an invocation in various states.,invocation_monitor_time,SUMMARY,11000000000,policy-warm-mz,2019-11-09 13:12:47.282168126
962,1,1.4226371581e+10,1.4226371581e+10,,1.4226371581e+10,running,1.4226371581e+10,1.4226371581e+10,1.4226371581e+10,1.4226371581e+10,1.4226371581e+10,1.4226371581e+10,Duration of an invocation in various states.,invocation_monitor_time,SUMMARY,11000000000,policy-warm-mz,2019-11-09 13:12:47.282168126
963,1960,30461,46823,79207,6.397092e+07,,,,,,,,Statistics of scheduler evaluations,workflows_scheduler_eval_time,SUMMARY,11000000000,policy-warm-mz,2019-11-09 13:12:50.282197116
964,660,2.16117371e+08,4.16160303e+08,,1.54369169936e+11,queued,1.909727e+06,2.056305e+06,1.520712e+07,1.13120751e+08,3.91364502e+08,4.97852828e+08,Duration of an invocation in various states.,invocation_monitor_time,SUMMARY,11000000000,policy-warm-mz,2019-11-09 13:12:50.282197116
965,1,1.4226371581e+10,1.4226371581e+10,,1.4226371581e+10,running,1.4226371581e+10,1.4226371581e+10,1.4226371581e+10,1.4226371581e+10,1.4226371581e+10,1.4226371581e+10,Duration of an invocation in various states.,invocation_monitor_time,SUMMARY,11000000000,policy-warm-mz,2019-11-09 13:12:50.282197116
966,1972,30461,46823,79207,6.4314326e+07,,,,,,,,Statistics of scheduler evaluations,workflows_scheduler_eval_time,SUMMARY,11000000000,policy-warm-mz,2019-11-09 13:12:53.282170707
967,660,2.16117371e+08,4.16160303e+08,,1.54369169936e+11,queued,1.909727e+06,2.056305e+06,1.520712e+07,1.13120751e+08,3.91364502e+08,4.97852828e+08,Duration of an invocation in various states.,invocation_monitor_time,SUMMARY,11000000000,policy-warm-mz,2019-11-09 13:12:53.282170707
968,6,2.5227133658e+10,2.5427116856e+10,,1.40784367289e+11,running,1.4226371581e+10,1.4226371581e+10,1.4226371581e+10,1.4226371581e+10,2.5327856292e+10,2.5447609705e+10,Duration of an invocation in various states.,invocation_monitor_time,SUMMARY,11000000000,policy-warm-mz,2019-11-09 13:12:53.282170707
969,1980,30461,46823,79207,6.4494665e+07,,,,,,,,Statistics of scheduler evaluations,workflows_scheduler_eval_time,SUMMARY,11000000000,policy-warm-mz,2019-11-09 13:12:56.282196148
970,660,2.16117371e+08,4.16160303e+08,,1.54369169936e+11,queued,1.909727e+06,2.056305e+06,1.520712e+07,1.13120751e+08,3.91364502e+08,4.97852828e+08,Duration of an invocation in various states.,invocation_monitor_time,SUMMARY,11000000000,policy-warm-mz,2019-11-09 13:12:56.282196148
971,13,2.5226044641e+10,2.5426316059e+10,,3.17676075569e+11,running,1.4226371581e+10,1.4226371581e+10,1.4226371581e+10,2.5128572123e+10,2.5328950725e+10,2.5447609705e+10,Duration of an invocation in various states.,invocation_monitor_time,SUMMARY,11000000000,policy-warm-mz,2019-11-09 13:12:56.282196148
972,1980,30461,46823,79207,6.4494665e+07,,,,,,,,Statistics of scheduler evaluations,workflows_scheduler_eval_time,SUMMARY,11000000000,policy-warm-mz,2019-11-09 13:12:59.282230121
973,660,2.16117371e+08,4.16160303e+08,,1.54369169936e+11,queued,1.909727e+06,2.056305e+06,1.520712e+07,1.13120751e+08,3.91364502e+08,4.97852828e+08,Duration of an invocation in various states.,invocation_monitor_time,SUMMARY,11000000000,policy-warm-mz,2019-11-09 13:12:59.282230121
974,14,2.5227133658e+10,2.5426316059e+10,,3.43003575365e+11,running,1.4226371581e+10,1.4226371581e+10,1.4226371581e+10,2.5128572123e+10,2.5328950725e+10,2.5447609705e+10,Duration of an invocation in various states.,invocation_monitor_time,SUMMARY,11000000000,policy-warm-mz,2019-11-09 13:12:59.282230121
975,1980,30461,46823,79207,6.4494665e+07,,,,,,,,Statistics of scheduler evaluations,workflows_scheduler_eval_time,SUMMARY,11000000000,policy-warm-mz,2019-11-09 13:13:02.282197653
976,660,2.16117371e+08,4.16160303e+08,,1.54369169936e+11,queued,1.909727e+06,2.056305e+06,1.520712e+07,1.13120751e+08,3.91364502e+08,4.97852828e+08,Duration of an invocation in various states.,invocation_monitor_time,SUMMARY,11000000000,policy-warm-mz,2019-11-09 13:13:02.282197653
977,14,2.5227133658e+10,2.5426316059e+10,,3.43003575365e+11,running,1.4226371581e+10,1.4226371581e+10,1.4226371581e+10,2.5128572123e+10,2.5328950725e+10,2.5447609705e+10,Duration of an invocation in various states.,invocation_monitor_time,SUMMARY,11000000000,policy-warm-mz,2019-11-09 13:13:02.282197653
978,1980,30461,46823,79207,6.4494665e+07,,,,,,,,Statistics of scheduler evaluations,workflows_scheduler_eval_time,SUMMARY,11000000000,policy-warm-mz,2019-11-09 13:13:05.282181252
979,660,2.16117371e+08,4.16160303e+08,,1.54369169936e+11,queued,1.909727e+06,2.056305e+06,1.520712e+07,1.13120751e+08,3.91364502e+08,4.97852828e+08,Duration of an invocation in various states.,invocation_monitor_time,SUMMARY,11000000000,policy-warm-mz,2019-11-09 13:13:05.282181252
980,23,2.542615809e+10,3.6329590581e+10,,6.68958605768e+11,running,1.4226371581e+10,1.4226371581e+10,2.5128279197e+10,2.5225604282e+10,3.6031157758e+10,3.6426494202e+10,Duration of an invocation in various states.,invocation_monitor_time,SUMMARY,11000000000,policy-warm-mz,2019-11-09 13:13:05.282181252
981,2088,30461,46823,79207,6.8006293e+07,,,,,,,,Statistics of scheduler evaluations,workflows_scheduler_eval_time,SUMMARY,12000000000,policy-warm-mz,2019-11-09 13:13:59.287322453
982,706,2.161e+08,4.16155438e+08,,1.64179092549e+11,queued,1.909727e+06,2.056305e+06,1.5145135e+07,1.12646937e+08,3.91265084e+08,4.97852828e+08,Duration of an invocation in various states.,invocation_monitor_time,SUMMARY,12000000000,policy-warm-mz,2019-11-09 13:13:59.287322453
983,2107,30461,46823,79207,6.8655345e+07,,,,,,,,Statistics of scheduler evaluations,workflows_scheduler_eval_time,SUMMARY,12000000000,policy-warm-mz,2019-11-09 13:14:02.287319559
984,720,2.16907943e+08,4.1688974e+08,,1.67346112037e+11,queued,1.909727e+06,2.744976e+06,1.6087211e+07,1.13100843e+08,3.91364502e+08,4.97852828e+08,Duration of an invocation in various states.,invocation_monitor_time,SUMMARY,12000000000,policy-warm-mz,2019-11-09 13:14:02.287319559
985,2107,30461,46823,79207,6.8655345e+07,,,,,,,,Statistics of scheduler evaluations,workflows_scheduler_eval_time,SUMMARY,12000000000,policy-warm-mz,2019-11-09 13:14:05.287324206
986,720,2.16907943e+08,4.1688974e+08,,1.67346112037e+11,queued,1.909727e+06,2.744976e+06,1.6087211e+07,1.13100843e+08,3.91364502e+08,4.97852828e+08,Duration of an invocation in various states.,invocation_monitor_time,SUMMARY,12000000000,policy-warm-mz,2019-11-09 13:14:05.287324206
987,1,3.225873765e+09,3.225873765e+09,,3.225873765e+09,running,3.225873765e+09,3.225873765e+09,3.225873765e+09,3.225873765e+09,3.225873765e+09,3.225873765e+09,Duration of an invocation in various states.,invocation_monitor_time,SUMMARY,12000000000,policy-warm-mz,2019-11-09 13:14:05.287324206
988,2107,30461,46823,79207,6.8655345e+07,,,,,,,,Statistics of scheduler evaluations,workflows_scheduler_eval_time,SUMMARY,12000000000,policy-warm-mz,2019-11-09 13:14:08.287278379
989,720,2.16907943e+08,4.1688974e+08,,1.67346112037e+11,queued,1.909727e+06,2.744976e+06,1.6087211e+07,1.13100843e+08,3.91364502e+08,4.97852828e+08,Duration of an invocation in various states.,invocation_monitor_time,SUMMARY,12000000000,policy-warm-mz,2019-11-09 13:14:08.287278379
990,1,3.225873765e+09,3.225873765e+09,,3.225873765e+09,running,3.225873765e+09,3.225873765e+09,3.225873765e+09,3.225873765e+09,3.225873765e+09,3.225873765e+09,Duration of an invocation in various states.,invocation_monitor_time,SUMMARY,12000000000,policy-warm-mz,2019-11-09 13:14:08.287278379
991,2117,30461,46823,79207,6.8936995e+07,,,,,,,,Statistics of scheduler evaluations,workflows_scheduler_eval_time,SUMMARY,12000000000,policy-warm-mz,2019-11-09 13:14:11.287281928
992,720,2.16907943e+08,4.1688974e+08,,1.67346112037e+11,queued,1.909727e+06,2.744976e+06,1.6087211e+07,1.13100843e+08,3.91364502e+08,4.97852828e+08,Duration of an invocation in various states.,invocation_monitor_time,SUMMARY,12000000000,policy-warm-mz,2019-11-09 13:14:11.287281928
993,1,3.225873765e+09,3.225873765e+09,,3.225873765e+09,running,3.225873765e+09,3.225873765e+09,3.225873765e+09,3.225873765e+09,3.225873765e+09,3.225873765e+09,Duration of an invocation in various states.,invocation_monitor_time,SUMMARY,12000000000,policy-warm-mz,2019-11-09 13:14:11.287281928
994,2133,30461,46823,79207,6.9450169e+07,,,,,,,,Statistics of scheduler evaluations,workflows_scheduler_eval_time,SUMMARY,12000000000,policy-warm-mz,2019-11-09 13:14:14.287287142
995,720,2.16907943e+08,4.1688974e+08,,1.67346112037e+11,queued,1.909727e+06,2.744976e+06,1.6087211e+07,1.13100843e+08,3.91364502e+08,4.97852828e+08,Duration of an invocation in various states.,invocation_monitor_time,SUMMARY,12000000000,policy-warm-mz,2019-11-09 13:14:14.287287142
996,3,3.225873765e+09,1.502675603e+10,,3.3478487289e+10,running,3.225873765e+09,3.225873765e+09,3.225873765e+09,3.225873765e+09,1.502675603e+10,1.5225857494e+10,Duration of an invocation in various states.,invocation_monitor_time,SUMMARY,12000000000,policy-warm-mz,2019-11-09 13:14:14.287287142
997,2138,30461,46823,79207,6.9597542e+07,,,,,,,,Statistics of scheduler evaluations,workflows_scheduler_eval_time,SUMMARY,12000000000,policy-warm-mz,2019-11-09 13:14:17.287281982
998,720,2.16907943e+08,4.1688974e+08,,1.67346112037e+11,queued,1.909727e+06,2.744976e+06,1.6087211e+07,1.13100843e+08,3.91364502e+08,4.97852828e+08,Duration of an invocation in various states.,invocation_monitor_time,SUMMARY,12000000000,policy-warm-mz,2019-11-09 13:14:17.287281982
999,4,1.502675603e+10,1.5225857494e+10,,4.8904191357e+10,running,3.225873765e+09,3.225873765e+09,3.225873765e+09,3.225873765e+09,1.5225857494e+10,1.5425704068e+10,Duration of an invocation in various states.,invocation_monitor_time,SUMMARY,12000000000,policy-warm-mz,2019-11-09 13:14:17.287281982
1000,2138,30461,46823,79207,6.9597542e+07,,,,,,,,Statistics of scheduler evaluations,workflows_scheduler_eval_time,SUMMARY,12000000000,policy-warm-mz,2019-11-09 13:14:20.287306912
1001,720,2.16907943e+08,4.1688974e+08,,1.67346112037e+11,queued,1.909727e+06,2.744976e+06,1.6087211e+07,1.13100843e+08,3.91364502e+08,4.97852828e+08,Duration of an invocation in various states.,invocation_monitor_time,SUMMARY,12000000000,policy-warm-mz,2019-11-09 13:14:20.287306912
1002,4,1.502675603e+10,1.5225857494e+10,,4.8904191357e+10,running,3.225873765e+09,3.225873765e+09,3.225873765e+09,3.225873765e+09,1.5225857494e+10,1.5425704068e+10,Duration of an invocation in various states.,invocation_monitor_time,SUMMARY,12000000000,policy-warm-mz,2019-11-09 13:14:20.287306912
1003,2143,30461,46823,79207,6.9707689e+07,,,,,,,,Statistics of scheduler evaluations,workflows_scheduler_eval_time,SUMMARY,12000000000,policy-warm-mz,2019-11-09 13:14:23.287272787
1004,720,2.16907943e+08,4.1688974e+08,,1.67346112037e+11,queued,1.909727e+06,2.744976e+06,1.6087211e+07,1.13100843e+08,3.91364502e+08,4.97852828e+08,Duration of an invocation in various states.,invocation_monitor_time,SUMMARY,12000000000,policy-warm-mz,2019-11-09 13:14:23.287272787
1005,4,1.502675603e+10,1.5225857494e+10,,4.8904191357e+10,running,3.225873765e+09,3.225873765e+09,3.225873765e+09,3.225873765e+09,1.5225857494e+10,1.5425704068e+10,Duration of an invocation in various states.,invocation_monitor_time,SUMMARY,12000000000,policy-warm-mz,2019-11-09 13:14:23.287272787
1006,2152,30461,46823,79207,6.9924314e+07,,,,,,,,Statistics of scheduler evaluations,workflows_scheduler_eval_time,SUMMARY,12000000000,policy-warm-mz,2019-11-09 13:14:26.287283779
1007,720,2.16907943e+08,4.1688974e+08,,1.67346112037e+11,queued,1.909727e+06,2.744976e+06,1.6087211e+07,1.13100843e+08,3.91364502e+08,4.97852828e+08,Duration of an invocation in various states.,invocation_monitor_time,SUMMARY,12000000000,policy-warm-mz,2019-11-09 13:14:26.287283779
1008,9,1.5425704068e+10,2.7427103691e+10,,1.85144013554e+11,running,3.225873765e+09,3.225873765e+09,3.225873765e+09,1.502675603e+10,2.7128212109e+10,2.7427418174e+10,Duration of an invocation in various states.,invocation_monitor_time,SUMMARY,12000000000,policy-warm-mz,2019-11-09 13:14:26.287283779
1009,2160,30461,46823,79207,7.0157532e+07,,,,,,,,Statistics of scheduler evaluations,workflows_scheduler_eval_time,SUMMARY,12000000000,policy-warm-mz,2019-11-09 13:14:29.287293185
1010,720,2.16907943e+08,4.1688974e+08,,1.67346112037e+11,queued,1.909727e+06,2.744976e+06,1.6087211e+07,1.13100843e+08,3.91364502e+08,4.97852828e+08,Duration of an invocation in various states.,invocation_monitor_time,SUMMARY,12000000000,policy-warm-mz,2019-11-09 13:14:29.287293185
1011,13,2.702756823e+10,2.7331167568e+10,,2.9366200232e+11,running,3.225873765e+09,3.225873765e+09,3.225873765e+09,1.5225857494e+10,2.7129210541e+10,2.7427418174e+10,Duration of an invocation in various states.,invocation_monitor_time,SUMMARY,12000000000,policy-warm-mz,2019-11-09 13:14:29.287293185
1012,2160,30461,46823,79207,7.0157532e+07,,,,,,,,Statistics of scheduler evaluations,workflows_scheduler_eval_time,SUMMARY,12000000000,policy-warm-mz,2019-11-09 13:14:32.287280619
1013,720,2.16907943e+08,4.1688974e+08,,1.67346112037e+11,queued,1.909727e+06,2.744976e+06,1.6087211e+07,1.13100843e+08,3.91364502e+08,4.97852828e+08,Duration of an invocation in various states.,invocation_monitor_time,SUMMARY,12000000000,policy-warm-mz,2019-11-09 13:14:32.287280619
1014,13,2.702756823e+10,2.7331167568e+10,,2.9366200232e+11,running,3.225873765e+09,3.225873765e+09,3.225873765e+09,1.5225857494e+10,2.7129210541e+10,2.7427418174e+10,Duration of an invocation in various states.,invocation_monitor_time,SUMMARY,12000000000,policy-warm-mz,2019-11-09 13:14:32.287280619
1015,2160,30461,46823,79207,7.0157532e+07,,,,,,,,Statistics of scheduler evaluations,workflows_scheduler_eval_time,SUMMARY,12000000000,policy-warm-mz,2019-11-09 13:14:35.287302086
1016,720,2.16907943e+08,4.1688974e+08,,1.67346112037e+11,queued,1.909727e+06,2.744976e+06,1.6087211e+07,1.13100843e+08,3.91364502e+08,4.97852828e+08,Duration of an invocation in various states.,invocation_monitor_time,SUMMARY,12000000000,policy-warm-mz,2019-11-09 13:14:35.287302086
1017,13,2.702756823e+10,2.7331167568e+10,,2.9366200232e+11,running,3.225873765e+09,3.225873765e+09,3.225873765e+09,1.5225857494e+10,2.7129210541e+10,2.7427418174e+10,Duration of an invocation in various states.,invocation_monitor_time,SUMMARY,12000000000,policy-warm-mz,2019-11-09 13:14:35.287302086
1018,2160,29696,44222,79207,7.0157532e+07,,,,,,,,Statistics of scheduler evaluations,workflows_scheduler_eval_time,SUMMARY,12000000000,policy-warm-mz,2019-11-09 13:14:38.287318161
1019,720,2.16907943e+08,4.1688974e+08,,1.67346112037e+11,queued,1.909727e+06,2.744976e+06,1.6087211e+07,1.13100843e+08,3.91364502e+08,4.97852828e+08,Duration of an invocation in various states.,invocation_monitor_time,SUMMARY,12000000000,policy-warm-mz,2019-11-09 13:14:38.287318161
1020,22,2.7331167568e+10,3.9331717684e+10,,6.47058605872e+11,running,3.225873765e+09,3.225873765e+09,1.502675603e+10,2.7026652111e+10,3.9227803026e+10,3.9451629642e+10,Duration of an invocation in various states.,invocation_monitor_time,SUMMARY,12000000000,policy-warm-mz,2019-11-09 13:14:38.287318161
1021,2267,29696,46143,80970,7.3695379e+07,,,,,,,,Statistics of scheduler evaluations,workflows_scheduler_eval_time,SUMMARY,13000000000,policy-warm-mz,2019-11-09 13:15:35.806912960
1022,766,2.17680996e+08,4.1772787e+08,,1.79885297949e+11,queued,1.909727e+06,2.056305e+06,1.6206927e+07,1.13767839e+08,3.91384307e+08,4.97852828e+08,Duration of an invocation in various states.,invocation_monitor_time,SUMMARY,13000000000,policy-warm-mz,2019-11-09 13:15:35.806912960
1023,2284,29696,46143,80970,7.4305281e+07,,,,,,,,Statistics of scheduler evaluations,workflows_scheduler_eval_time,SUMMARY,13000000000,policy-warm-mz,2019-11-09 13:15:38.806891332
1024,780,2.19008881e+08,4.1906057e+08,,1.83172305694e+11,queued,1.909727e+06,2.056305e+06,1.7584585e+07,1.13810952e+08,3.91384307e+08,4.97852828e+08,Duration of an invocation in various states.,invocation_monitor_time,SUMMARY,13000000000,policy-warm-mz,2019-11-09 13:15:38.806891332
1025,2284,29696,46143,80970,7.4305281e+07,,,,,,,,Statistics of scheduler evaluations,workflows_scheduler_eval_time,SUMMARY,13000000000,policy-warm-mz,2019-11-09 13:15:41.806899738
1026,780,2.19008881e+08,4.1906057e+08,,1.83172305694e+11,queued,1.909727e+06,2.056305e+06,1.7584585e+07,1.13810952e+08,3.91384307e+08,4.97852828e+08,Duration of an invocation in various states.,invocation_monitor_time,SUMMARY,13000000000,policy-warm-mz,2019-11-09 13:15:41.806899738
1027,2284,29696,46143,80970,7.4305281e+07,,,,,,,,Statistics of scheduler evaluations,workflows_scheduler_eval_time,SUMMARY,13000000000,policy-warm-mz,2019-11-09 13:15:44.806871616
1028,780,2.19008881e+08,4.1906057e+08,,1.83172305694e+11,queued,1.909727e+06,2.056305e+06,1.7584585e+07,1.13810952e+08,3.91384307e+08,4.97852828e+08,Duration of an invocation in various states.,invocation_monitor_time,SUMMARY,13000000000,policy-warm-mz,2019-11-09 13:15:44.806871616
1029,2290,29696,46143,80970,7.4493163e+07,,,,,,,,Statistics of scheduler evaluations,workflows_scheduler_eval_time,SUMMARY,13000000000,policy-warm-mz,2019-11-09 13:15:47.806865173
1030,780,2.19008881e+08,4.1906057e+08,,1.83172305694e+11,queued,1.909727e+06,2.056305e+06,1.7584585e+07,1.13810952e+08,3.91384307e+08,4.97852828e+08,Duration of an invocation in various states.,invocation_monitor_time,SUMMARY,13000000000,policy-warm-mz,2019-11-09 13:15:47.806865173
1031,2305,29696,46143,80970,7.495975e+07,,,,,,,,Statistics of scheduler evaluations,workflows_scheduler_eval_time,SUMMARY,13000000000,policy-warm-mz,2019-11-09 13:15:50.806881118
1032,780,2.19008881e+08,4.1906057e+08,,1.83172305694e+11,queued,1.909727e+06,2.056305e+06,1.7584585e+07,1.13810952e+08,3.91384307e+08,4.97852828e+08,Duration of an invocation in various states.,invocation_monitor_time,SUMMARY,13000000000,policy-warm-mz,2019-11-09 13:15:50.806881118
1033,2316,29696,46143,84245,7.5331359e+07,,,,,,,,Statistics of scheduler evaluations,workflows_scheduler_eval_time,SUMMARY,13000000000,policy-warm-mz,2019-11-09 13:15:53.806940603
1034,780,2.19008881e+08,4.1906057e+08,,1.83172305694e+11,queued,1.909727e+06,2.056305e+06,1.7584585e+07,1.13810952e+08,3.91384307e+08,4.97852828e+08,Duration of an invocation in various states.,invocation_monitor_time,SUMMARY,13000000000,policy-warm-mz,2019-11-09 13:15:53.806940603
1035,2316,29696,46143,84245,7.5331359e+07,,,,,,,,Statistics of scheduler evaluations,workflows_scheduler_eval_time,SUMMARY,13000000000,policy-warm-mz,2019-11-09 13:15:56.806908847
1036,780,2.19008881e+08,4.1906057e+08,,1.83172305694e+11,queued,1.909727e+06,2.056305e+06,1.7584585e+07,1.13810952e+08,3.91384307e+08,4.97852828e+08,Duration of an invocation in various states.,invocation_monitor_time,SUMMARY,13000000000,policy-warm-mz,2019-11-09 13:15:56.806908847
1037,2316,29696,46143,84245,7.5331359e+07,,,,,,,,Statistics of scheduler evaluations,workflows_scheduler_eval_time,SUMMARY,13000000000,policy-warm-mz,2019-11-09 13:15:59.806879187
1038,780,2.19008881e+08,4.1906057e+08,,1.83172305694e+11,queued,1.909727e+06,2.056305e+06,1.7584585e+07,1.13810952e+08,3.91384307e+08,4.97852828e+08,Duration of an invocation in various states.,invocation_monitor_time,SUMMARY,13000000000,policy-warm-mz,2019-11-09 13:15:59.806879187
1039,2326,29696,46143,84245,7.5556501e+07,,,,,,,,Statistics of scheduler evaluations,workflows_scheduler_eval_time,SUMMARY,13000000000,policy-warm-mz,2019-11-09 13:16:02.806875083
1040,780,2.19008881e+08,4.1906057e+08,,1.83172305694e+11,queued,1.909727e+06,2.056305e+06,1.7584585e+07,1.13810952e+08,3.91384307e+08,4.97852828e+08,Duration of an invocation in various states.,invocation_monitor_time,SUMMARY,13000000000,policy-warm-mz,2019-11-09 13:16:02.806875083
1041,1,2.9029541363e+10,2.9029541363e+10,,2.9029541363e+10,running,2.9029541363e+10,2.9029541363e+10,2.9029541363e+10,2.9029541363e+10,2.9029541363e+10,2.9029541363e+10,Duration of an invocation in various states.,invocation_monitor_time,SUMMARY,13000000000,policy-warm-mz,2019-11-09 13:16:02.806875083
1042,2336,29696,46143,84245,7.5791104e+07,,,,,,,,Statistics of scheduler evaluations,workflows_scheduler_eval_time,SUMMARY,13000000000,policy-warm-mz,2019-11-09 13:16:05.806896858
1043,780,2.19008881e+08,4.1906057e+08,,1.83172305694e+11,queued,1.909727e+06,2.056305e+06,1.7584585e+07,1.13810952e+08,3.91384307e+08,4.97852828e+08,Duration of an invocation in various states.,invocation_monitor_time,SUMMARY,13000000000,policy-warm-mz,2019-11-09 13:16:05.806896858
1044,9,2.9129293873e+10,2.9427067999e+10,,2.62857542016e+11,running,2.9027548255e+10,2.9027548255e+10,2.9027548255e+10,2.9027949376e+10,2.9228635254e+10,2.9428012684e+10,Duration of an invocation in various states.,invocation_monitor_time,SUMMARY,13000000000,policy-warm-mz,2019-11-09 13:16:05.806896858
1045,2340,29696,46143,80970,7.5886308e+07,,,,,,,,Statistics of scheduler evaluations,workflows_scheduler_eval_time,SUMMARY,13000000000,policy-warm-mz,2019-11-09 13:16:08.806876280
1046,780,2.19008881e+08,4.1906057e+08,,1.83172305694e+11,queued,1.909727e+06,2.056305e+06,1.7584585e+07,1.13810952e+08,3.91384307e+08,4.97852828e+08,Duration of an invocation in various states.,invocation_monitor_time,SUMMARY,13000000000,policy-warm-mz,2019-11-09 13:16:08.806876280
1047,14,2.9131866627e+10,2.9427067999e+10,,4.08807277678e+11,running,2.9027548255e+10,2.9027548255e+10,2.9027548255e+10,2.9028879341e+10,2.9229314606e+10,2.9429693125e+10,Duration of an invocation in various states.,invocation_monitor_time,SUMMARY,13000000000,policy-warm-mz,2019-11-09 13:16:08.806876280
1048,2340,29696,46143,80970,7.5886308e+07,,,,,,,,Statistics of scheduler evaluations,workflows_scheduler_eval_time,SUMMARY,13000000000,policy-warm-mz,2019-11-09 13:16:11.806862728
1049,780,2.19008881e+08,4.1906057e+08,,1.83172305694e+11,queued,1.909727e+06,2.056305e+06,1.7584585e+07,1.13810952e+08,3.91384307e+08,4.97852828e+08,Duration of an invocation in various states.,invocation_monitor_time,SUMMARY,13000000000,policy-warm-mz,2019-11-09 13:16:11.806862728
1050,14,2.9131866627e+10,2.9427067999e+10,,4.08807277678e+11,running,2.9027548255e+10,2.9027548255e+10,2.9027548255e+10,2.9028879341e+10,2.9229314606e+10,2.9429693125e+10,Duration of an invocation in various states.,invocation_monitor_time,SUMMARY,13000000000,policy-warm-mz,2019-11-09 13:16:11.806862728
1051,2340,29696,46143,80970,7.5886308e+07,,,,,,,,Statistics of scheduler evaluations,workflows_scheduler_eval_time,SUMMARY,13000000000,policy-warm-mz,2019-11-09 13:16:14.806895774
1052,780,2.19008881e+08,4.1906057e+08,,1.83172305694e+11,queued,1.909727e+06,2.056305e+06,1.7584585e+07,1.13810952e+08,3.91384307e+08,4.97852828e+08,Duration of an invocation in various states.,invocation_monitor_time,SUMMARY,13000000000,policy-warm-mz,2019-11-09 13:16:14.806895774
1053,14,2.9131866627e+10,2.9427067999e+10,,4.08807277678e+11,running,2.9027548255e+10,2.9027548255e+10,2.9027548255e+10,2.9028879341e+10,2.9229314606e+10,2.9429693125e+10,Duration of an invocation in various states.,invocation_monitor_time,SUMMARY,13000000000,policy-warm-mz,2019-11-09 13:16:14.806895774
1054,2340,29696,46143,80970,7.5886308e+07,,,,,,,,Statistics of scheduler evaluations,workflows_scheduler_eval_time,SUMMARY,13000000000,policy-warm-mz,2019-11-09 13:16:17.806863622
1055,780,2.19008881e+08,4.1906057e+08,,1.83172305694e+11,queued,1.909727e+06,2.056305e+06,1.7584585e+07,1.13810952e+08,3.91384307e+08,4.97852828e+08,Duration of an invocation in various states.,invocation_monitor_time,SUMMARY,13000000000,policy-warm-mz,2019-11-09 13:16:17.806863622
1056,23,2.9331260939e+10,4.2334615052e+10,,7.89006976136e+11,running,2.9027548255e+10,2.9027548255e+10,2.9027949376e+10,2.9129293873e+10,4.2134825749e+10,4.2435100829e+10,Duration of an invocation in various states.,invocation_monitor_time,SUMMARY,13000000000,policy-warm-mz,2019-11-09 13:16:17.806863622
1057,2449,30244,43961,83191,7.9405942e+07,,,,,,,,Statistics of scheduler evaluations,workflows_scheduler_eval_time,SUMMARY,14000000000,policy-warm-mz,2019-11-09 13:17:17.806764991
1058,826,2.19065025e+08,4.19093218e+08,,1.95842933511e+11,queued,1.909727e+06,2.041323e+06,1.7655776e+07,1.14996506e+08,3.93808015e+08,4.97852828e+08,Duration of an invocation in various states.,invocation_monitor_time,SUMMARY,14000000000,policy-warm-mz,2019-11-09 13:17:17.806764991
1059,2465,30244,45886,83191,8.0006853e+07,,,,,,,,Statistics of scheduler evaluations,workflows_scheduler_eval_time,SUMMARY,14000000000,policy-warm-mz,2019-11-09 13:17:20.806710936
1060,840,2.19075761e+08,4.19194444e+08,,1.99147614413e+11,queued,1.909727e+06,2.041323e+06,1.8989681e+07,1.15120319e+08,3.93808015e+08,4.97852828e+08,Duration of an invocation in various states.,invocation_monitor_time,SUMMARY,14000000000,policy-warm-mz,2019-11-09 13:17:20.806710936
1061,2465,30244,45886,83191,8.0006853e+07,,,,,,,,Statistics of scheduler evaluations,workflows_scheduler_eval_time,SUMMARY,14000000000,policy-warm-mz,2019-11-09 13:17:23.806728439
1062,840,2.19075761e+08,4.19194444e+08,,1.99147614413e+11,queued,1.909727e+06,2.041323e+06,1.8989681e+07,1.15120319e+08,3.93808015e+08,4.97852828e+08,Duration of an invocation in various states.,invocation_monitor_time,SUMMARY,14000000000,policy-warm-mz,2019-11-09 13:17:23.806728439
1063,2465,30244,45886,83191,8.0006853e+07,,,,,,,,Statistics of scheduler evaluations,workflows_scheduler_eval_time,SUMMARY,14000000000,policy-warm-mz,2019-11-09 13:17:26.806763443
1064,840,2.19075761e+08,4.19194444e+08,,1.99147614413e+11,queued,1.909727e+06,2.041323e+06,1.8989681e+07,1.15120319e+08,3.93808015e+08,4.97852828e+08,Duration of an invocation in various states.,invocation_monitor_time,SUMMARY,14000000000,policy-warm-mz,2019-11-09 13:17:26.806763443
1065,2465,30244,45886,83191,8.0006853e+07,,,,,,,,Statistics of scheduler evaluations,workflows_scheduler_eval_time,SUMMARY,14000000000,policy-warm-mz,2019-11-09 13:17:29.806764601
1066,840,2.19075761e+08,4.19194444e+08,,1.99147614413e+11,queued,1.909727e+06,2.041323e+06,1.8989681e+07,1.15120319e+08,3.93808015e+08,4.97852828e+08,Duration of an invocation in various states.,invocation_monitor_time,SUMMARY,14000000000,policy-warm-mz,2019-11-09 13:17:29.806764601
1067,2485,30244,45886,83191,8.0659747e+07,,,,,,,,Statistics of scheduler evaluations,workflows_scheduler_eval_time,SUMMARY,14000000000,policy-warm-mz,2019-11-09 13:17:32.806741532
1068,840,2.19075761e+08,4.19194444e+08,,1.99147614413e+11,queued,1.909727e+06,2.041323e+06,1.8989681e+07,1.15120319e+08,3.93808015e+08,4.97852828e+08,Duration of an invocation in various states.,invocation_monitor_time,SUMMARY,14000000000,policy-warm-mz,2019-11-09 13:17:32.806741532
1069,2502,30244,45886,83191,8.1137457e+07,,,,,,,,Statistics of scheduler evaluations,workflows_scheduler_eval_time,SUMMARY,14000000000,policy-warm-mz,2019-11-09 13:17:35.806748182
1070,840,2.19075761e+08,4.19194444e+08,,1.99147614413e+11,queued,1.909727e+06,2.041323e+06,1.8989681e+07,1.15120319e+08,3.93808015e+08,4.97852828e+08,Duration of an invocation in various states.,invocation_monitor_time,SUMMARY,14000000000,policy-warm-mz,2019-11-09 13:17:35.806748182
1071,2,1.7130162393e+10,1.7130162393e+10,,3.4459300463e+10,running,1.7130162393e+10,1.7130162393e+10,1.7130162393e+10,1.7130162393e+10,1.7130162393e+10,1.732913807e+10,Duration of an invocation in various states.,invocation_monitor_time,SUMMARY,14000000000,policy-warm-mz,2019-11-09 13:17:35.806748182
1072,2503,30244,45886,83191,8.1160341e+07,,,,,,,,Statistics of scheduler evaluations,workflows_scheduler_eval_time,SUMMARY,14000000000,policy-warm-mz,2019-11-09 13:17:38.806738263
1073,840,2.19075761e+08,4.19194444e+08,,1.99147614413e+11,queued,1.909727e+06,2.041323e+06,1.8989681e+07,1.15120319e+08,3.93808015e+08,4.97852828e+08,Duration of an invocation in various states.,invocation_monitor_time,SUMMARY,14000000000,policy-warm-mz,2019-11-09 13:17:38.806738263
1074,3,1.7130162393e+10,1.7131350988e+10,,5.1590651451e+10,running,1.7130162393e+10,1.7130162393e+10,1.7130162393e+10,1.7130162393e+10,1.7131350988e+10,1.732913807e+10,Duration of an invocation in various states.,invocation_monitor_time,SUMMARY,14000000000,policy-warm-mz,2019-11-09 13:17:38.806738263
1075,2503,30244,45886,83191,8.1160341e+07,,,,,,,,Statistics of scheduler evaluations,workflows_scheduler_eval_time,SUMMARY,14000000000,policy-warm-mz,2019-11-09 13:17:41.806724872
1076,840,2.19075761e+08,4.19194444e+08,,1.99147614413e+11,queued,1.909727e+06,2.041323e+06,1.8989681e+07,1.15120319e+08,3.93808015e+08,4.97852828e+08,Duration of an invocation in various states.,invocation_monitor_time,SUMMARY,14000000000,policy-warm-mz,2019-11-09 13:17:41.806724872
1077,3,1.7130162393e+10,1.7131350988e+10,,5.1590651451e+10,running,1.7130162393e+10,1.7130162393e+10,1.7130162393e+10,1.7130162393e+10,1.7131350988e+10,1.732913807e+10,Duration of an invocation in various states.,invocation_monitor_time,SUMMARY,14000000000,policy-warm-mz,2019-11-09 13:17:41.806724872
1078,2503,30244,45886,83191,8.1160341e+07,,,,,,,,Statistics of scheduler evaluations,workflows_scheduler_eval_time,SUMMARY,14000000000,policy-warm-mz,2019-11-09 13:17:44.806720674
1079,840,2.19075761e+08,4.19194444e+08,,1.99147614413e+11,queued,1.909727e+06,2.041323e+06,1.8989681e+07,1.15120319e+08,3.93808015e+08,4.97852828e+08,Duration of an invocation in various states.,invocation_monitor_time,SUMMARY,14000000000,policy-warm-mz,2019-11-09 13:17:44.806720674
1080,3,1.7130162393e+10,1.7131350988e+10,,5.1590651451e+10,running,1.7130162393e+10,1.7130162393e+10,1.7130162393e+10,1.7130162393e+10,1.7131350988e+10,1.732913807e+10,Duration of an invocation in various states.,invocation_monitor_time,SUMMARY,14000000000,policy-warm-mz,2019-11-09 13:17:44.806720674
1081,2509,30244,45886,83191,8.1309907e+07,,,,,,,,Statistics of scheduler evaluations,workflows_scheduler_eval_time,SUMMARY,14000000000,policy-warm-mz,2019-11-09 13:17:47.806747161
1082,840,2.19075761e+08,4.19194444e+08,,1.99147614413e+11,queued,1.909727e+06,2.041323e+06,1.8989681e+07,1.15120319e+08,3.93808015e+08,4.97852828e+08,Duration of an invocation in various states.,invocation_monitor_time,SUMMARY,14000000000,policy-warm-mz,2019-11-09 13:17:47.806747161
1083,11,3.1131034548e+10,3.1428728628e+10,,3.01731984462e+11,running,1.7130162393e+10,1.7130162393e+10,1.7130162393e+10,1.7131350988e+10,3.1331517967e+10,3.1430303054e+10,Duration of an invocation in various states.,invocation_monitor_time,SUMMARY,14000000000,policy-warm-mz,2019-11-09 13:17:47.806747161
1084,2520,30244,45886,83191,8.1602399e+07,,,,,,,,Statistics of scheduler evaluations,workflows_scheduler_eval_time,SUMMARY,14000000000,policy-warm-mz,2019-11-09 13:17:50.806745474
1085,840,2.19075761e+08,4.19194444e+08,,1.99147614413e+11,queued,1.909727e+06,2.041323e+06,1.8989681e+07,1.15120319e+08,3.93808015e+08,4.97852828e+08,Duration of an invocation in various states.,invocation_monitor_time,SUMMARY,14000000000,policy-warm-mz,2019-11-09 13:17:50.806745474
1086,17,3.1131218224e+10,3.1429469503e+10,,4.88810265973e+11,running,1.7130162393e+10,1.7130162393e+10,1.7130162393e+10,3.1027889516e+10,3.1230135182e+10,3.1430303054e+10,Duration of an invocation in various states.,invocation_monitor_time,SUMMARY,14000000000,policy-warm-mz,2019-11-09 13:17:50.806745474
1087,2520,30244,45886,83191,8.1602399e+07,,,,,,,,Statistics of scheduler evaluations,workflows_scheduler_eval_time,SUMMARY,14000000000,policy-warm-mz,2019-11-09 13:17:53.806764384
1088,840,2.19075761e+08,4.19194444e+08,,1.99147614413e+11,queued,1.909727e+06,2.041323e+06,1.8989681e+07,1.15120319e+08,3.93808015e+08,4.97852828e+08,Duration of an invocation in various states.,invocation_monitor_time,SUMMARY,14000000000,policy-warm-mz,2019-11-09 13:17:53.806764384
1089,17,3.1131218224e+10,3.1429469503e+10,,4.88810265973e+11,running,1.7130162393e+10,1.7130162393e+10,1.7130162393e+10,3.1027889516e+10,3.1230135182e+10,3.1430303054e+10,Duration of an invocation in various states.,invocation_monitor_time,SUMMARY,14000000000,policy-warm-mz,2019-11-09 13:17:53.806764384
1090,2520,30244,45886,83191,8.1602399e+07,,,,,,,,Statistics of scheduler evaluations,workflows_scheduler_eval_time,SUMMARY,14000000000,policy-warm-mz,2019-11-09 13:17:56.806725887
1091,840,2.19075761e+08,4.19194444e+08,,1.99147614413e+11,queued,1.909727e+06,2.041323e+06,1.8989681e+07,1.15120319e+08,3.93808015e+08,4.97852828e+08,Duration of an invocation in various states.,invocation_monitor_time,SUMMARY,14000000000,policy-warm-mz,2019-11-09 13:17:56.806725887
1092,17,3.1131218224e+10,3.1429469503e+10,,4.88810265973e+11,running,1.7130162393e+10,1.7130162393e+10,1.7130162393e+10,3.1027889516e+10,3.1230135182e+10,3.1430303054e+10,Duration of an invocation in various states.,invocation_monitor_time,SUMMARY,14000000000,policy-warm-mz,2019-11-09 13:17:56.806725887
1093,2520,30244,45886,83191,8.1602399e+07,,,,,,,,Statistics of scheduler evaluations,workflows_scheduler_eval_time,SUMMARY,14000000000,policy-warm-mz,2019-11-09 13:17:59.806719270
1094,840,2.19075761e+08,4.19194444e+08,,1.99147614413e+11,queued,1.909727e+06,2.041323e+06,1.8989681e+07,1.15120319e+08,3.93808015e+08,4.97852828e+08,Duration of an invocation in various states.,invocation_monitor_time,SUMMARY,14000000000,policy-warm-mz,2019-11-09 13:17:59.806719270
1095,17,3.1131218224e+10,3.1429469503e+10,,4.88810265973e+11,running,1.7130162393e+10,1.7130162393e+10,1.7130162393e+10,3.1027889516e+10,3.1230135182e+10,3.1430303054e+10,Duration of an invocation in various states.,invocation_monitor_time,SUMMARY,14000000000,policy-warm-mz,2019-11-09 13:17:59.806719270
1096,2520,30244,45886,83191,8.1602399e+07,,,,,,,,Statistics of scheduler evaluations,workflows_scheduler_eval_time,SUMMARY,14000000000,policy-warm-mz,2019-11-09 13:18:02.806749437
1097,840,2.19075761e+08,4.19194444e+08,,1.99147614413e+11,queued,1.909727e+06,2.041323e+06,1.8989681e+07,1.15120319e+08,3.93808015e+08,4.97852828e+08,Duration of an invocation in various states.,invocation_monitor_time,SUMMARY,14000000000,policy-warm-mz,2019-11-09 13:18:02.806749437
1098,21,3.1228829037e+10,4.5031899065e+10,,6.69839586705e+11,running,1.7130162393e+10,1.7130162393e+10,1.7131350988e+10,3.1028849278e+10,3.1429469503e+10,4.5429933027e+10,Duration of an invocation in various states.,invocation_monitor_time,SUMMARY,14000000000,policy-warm-mz,2019-11-09 13:18:02.806749437
1099,2627,29480,45510,77112,8.4939615e+07,,,,,,,,Statistics of scheduler evaluations,workflows_scheduler_eval_time,SUMMARY,15000000000,policy-warm-mz,2019-11-09 13:19:05.810789765
1100,886,2.20423512e+08,4.20453291e+08,,2.11635350364e+11,queued,1.909727e+06,2.041323e+06,1.9095039e+07,1.1730391e+08,3.93805051e+08,4.97584141e+08,Duration of an invocation in various states.,invocation_monitor_time,SUMMARY,15000000000,policy-warm-mz,2019-11-09 13:19:05.810789765
1101,2643,29480,45510,77112,8.5516846e+07,,,,,,,,Statistics of scheduler evaluations,workflows_scheduler_eval_time,SUMMARY,15000000000,policy-warm-mz,2019-11-09 13:19:08.810771630
1102,900,2.20416111e+08,4.20404693e+08,,2.14876763464e+11,queued,1.909727e+06,2.041323e+06,1.9095039e+07,1.17212053e+08,3.9379138e+08,4.97584141e+08,Duration of an invocation in various states.,invocation_monitor_time,SUMMARY,15000000000,policy-warm-mz,2019-11-09 13:19:08.810771630
1103,2643,29480,45510,77112,8.5516846e+07,,,,,,,,Statistics of scheduler evaluations,workflows_scheduler_eval_time,SUMMARY,15000000000,policy-warm-mz,2019-11-09 13:19:11.810757760
1104,900,2.20416111e+08,4.20404693e+08,,2.14876763464e+11,queued,1.909727e+06,2.041323e+06,1.9095039e+07,1.17212053e+08,3.9379138e+08,4.97584141e+08,Duration of an invocation in various states.,invocation_monitor_time,SUMMARY,15000000000,policy-warm-mz,2019-11-09 13:19:11.810757760
1105,2643,29480,45510,77112,8.5516846e+07,,,,,,,,Statistics of scheduler evaluations,workflows_scheduler_eval_time,SUMMARY,15000000000,policy-warm-mz,2019-11-09 13:19:14.810766707
1106,900,2.20416111e+08,4.20404693e+08,,2.14876763464e+11,queued,1.909727e+06,2.041323e+06,1.9095039e+07,1.17212053e+08,3.9379138e+08,4.97584141e+08,Duration of an invocation in various states.,invocation_monitor_time,SUMMARY,15000000000,policy-warm-mz,2019-11-09 13:19:14.810766707
1107,2643,29480,45510,77112,8.5516846e+07,,,,,,,,Statistics of scheduler evaluations,workflows_scheduler_eval_time,SUMMARY,15000000000,policy-warm-mz,2019-11-09 13:19:17.810759521
1108,900,2.20416111e+08,4.20404693e+08,,2.14876763464e+11,queued,1.909727e+06,2.041323e+06,1.9095039e+07,1.17212053e+08,3.9379138e+08,4.97584141e+08,Duration of an invocation in various states.,invocation_monitor_time,SUMMARY,15000000000,policy-warm-mz,2019-11-09 13:19:17.810759521
1109,2654,29480,45510,77112,8.583883e+07,,,,,,,,Statistics of scheduler evaluations,workflows_scheduler_eval_time,SUMMARY,15000000000,policy-warm-mz,2019-11-09 13:19:20.810761064
1110,900,2.20416111e+08,4.20404693e+08,,2.14876763464e+11,queued,1.909727e+06,2.041323e+06,1.9095039e+07,1.17212053e+08,3.9379138e+08,4.97584141e+08,Duration of an invocation in various states.,invocation_monitor_time,SUMMARY,15000000000,policy-warm-mz,2019-11-09 13:19:20.810761064
1111,2670,29480,45510,77112,8.6381929e+07,,,,,,,,Statistics of scheduler evaluations,workflows_scheduler_eval_time,SUMMARY,15000000000,policy-warm-mz,2019-11-09 13:19:23.810786922
1112,900,2.20416111e+08,4.20404693e+08,,2.14876763464e+11,queued,1.909727e+06,2.041323e+06,1.9095039e+07,1.17212053e+08,3.9379138e+08,4.97584141e+08,Duration of an invocation in various states.,invocation_monitor_time,SUMMARY,15000000000,policy-warm-mz,2019-11-09 13:19:23.810786922
1113,2677,29480,45510,77112,8.6573993e+07,,,,,,,,Statistics of scheduler evaluations,workflows_scheduler_eval_time,SUMMARY,15000000000,policy-warm-mz,2019-11-09 13:19:26.810796180
1114,900,2.20416111e+08,4.20404693e+08,,2.14876763464e+11,queued,1.909727e+06,2.041323e+06,1.9095039e+07,1.17212053e+08,3.9379138e+08,4.97584141e+08,Duration of an invocation in various states.,invocation_monitor_time,SUMMARY,15000000000,policy-warm-mz,2019-11-09 13:19:26.810796180
1115,1,1.8124065809e+10,1.8124065809e+10,,1.8124065809e+10,running,1.8124065809e+10,1.8124065809e+10,1.8124065809e+10,1.8124065809e+10,1.8124065809e+10,1.8124065809e+10,Duration of an invocation in various states.,invocation_monitor_time,SUMMARY,15000000000,policy-warm-mz,2019-11-09 13:19:26.810796180
1116,2677,29480,45510,77112,8.6573993e+07,,,,,,,,Statistics of scheduler evaluations,workflows_scheduler_eval_time,SUMMARY,15000000000,policy-warm-mz,2019-11-09 13:19:29.810745920
1117,900,2.20416111e+08,4.20404693e+08,,2.14876763464e+11,queued,1.909727e+06,2.041323e+06,1.9095039e+07,1.17212053e+08,3.9379138e+08,4.97584141e+08,Duration of an invocation in various states.,invocation_monitor_time,SUMMARY,15000000000,policy-warm-mz,2019-11-09 13:19:29.810745920
1118,1,1.8124065809e+10,1.8124065809e+10,,1.8124065809e+10,running,1.8124065809e+10,1.8124065809e+10,1.8124065809e+10,1.8124065809e+10,1.8124065809e+10,1.8124065809e+10,Duration of an invocation in various states.,invocation_monitor_time,SUMMARY,15000000000,policy-warm-mz,2019-11-09 13:19:29.810745920
1119,2677,29480,45510,77112,8.6573993e+07,,,,,,,,Statistics of scheduler evaluations,workflows_scheduler_eval_time,SUMMARY,15000000000,policy-warm-mz,2019-11-09 13:19:32.810737508
1120,900,2.20416111e+08,4.20404693e+08,,2.14876763464e+11,queued,1.909727e+06,2.041323e+06,1.9095039e+07,1.17212053e+08,3.9379138e+08,4.97584141e+08,Duration of an invocation in various states.,invocation_monitor_time,SUMMARY,15000000000,policy-warm-mz,2019-11-09 13:19:32.810737508
1121,1,1.8124065809e+10,1.8124065809e+10,,1.8124065809e+10,running,1.8124065809e+10,1.8124065809e+10,1.8124065809e+10,1.8124065809e+10,1.8124065809e+10,1.8124065809e+10,Duration of an invocation in various states.,invocation_monitor_time,SUMMARY,15000000000,policy-warm-mz,2019-11-09 13:19:32.810737508
1122,2682,29480,45510,77112,8.668566e+07,,,,,,,,Statistics of scheduler evaluations,workflows_scheduler_eval_time,SUMMARY,15000000000,policy-warm-mz,2019-11-09 13:19:35.810774077
1123,900,2.20416111e+08,4.20404693e+08,,2.14876763464e+11,queued,1.909727e+06,2.041323e+06,1.9095039e+07,1.17212053e+08,3.9379138e+08,4.97584141e+08,Duration of an invocation in various states.,invocation_monitor_time,SUMMARY,15000000000,policy-warm-mz,2019-11-09 13:19:35.810774077
1124,1,1.8124065809e+10,1.8124065809e+10,,1.8124065809e+10,running,1.8124065809e+10,1.8124065809e+10,1.8124065809e+10,1.8124065809e+10,1.8124065809e+10,1.8124065809e+10,Duration of an invocation in various states.,invocation_monitor_time,SUMMARY,15000000000,policy-warm-mz,2019-11-09 13:19:35.810774077
1125,2694,29480,45510,77112,8.6971322e+07,,,,,,,,Statistics of scheduler evaluations,workflows_scheduler_eval_time,SUMMARY,15000000000,policy-warm-mz,2019-11-09 13:19:38.810795944
1126,900,2.20416111e+08,4.20404693e+08,,2.14876763464e+11,queued,1.909727e+06,2.041323e+06,1.9095039e+07,1.17212053e+08,3.9379138e+08,4.97584141e+08,Duration of an invocation in various states.,invocation_monitor_time,SUMMARY,15000000000,policy-warm-mz,2019-11-09 13:19:38.810795944
1127,5,3.3025351835e+10,3.3328851288e+10,,1.51030916846e+11,running,1.8124065809e+10,1.8124065809e+10,1.8124065809e+10,1.8124065809e+10,3.3127092695e+10,3.3425555219e+10,Duration of an invocation in various states.,invocation_monitor_time,SUMMARY,15000000000,policy-warm-mz,2019-11-09 13:19:38.810795944
1128,2700,29480,45510,77112,8.7122186e+07,,,,,,,,Statistics of scheduler evaluations,workflows_scheduler_eval_time,SUMMARY,15000000000,policy-warm-mz,2019-11-09 13:19:41.810806443
1129,900,2.20416111e+08,4.20404693e+08,,2.14876763464e+11,queued,1.909727e+06,2.041323e+06,1.9095039e+07,1.17212053e+08,3.9379138e+08,4.97584141e+08,Duration of an invocation in various states.,invocation_monitor_time,SUMMARY,15000000000,policy-warm-mz,2019-11-09 13:19:41.810806443
1130,9,3.3127092695e+10,3.3426202489e+10,,2.84235590519e+11,running,1.8124065809e+10,1.8124065809e+10,1.8124065809e+10,3.3023341269e+10,3.3328851288e+10,3.3428393298e+10,Duration of an invocation in various states.,invocation_monitor_time,SUMMARY,15000000000,policy-warm-mz,2019-11-09 13:19:41.810806443
1131,2700,29480,45510,77112,8.7122186e+07,,,,,,,,Statistics of scheduler evaluations,workflows_scheduler_eval_time,SUMMARY,15000000000,policy-warm-mz,2019-11-09 13:19:44.810768267
1132,900,2.20416111e+08,4.20404693e+08,,2.14876763464e+11,queued,1.909727e+06,2.041323e+06,1.9095039e+07,1.17212053e+08,3.9379138e+08,4.97584141e+08,Duration of an invocation in various states.,invocation_monitor_time,SUMMARY,15000000000,policy-warm-mz,2019-11-09 13:19:44.810768267
1133,9,3.3127092695e+10,3.3426202489e+10,,2.84235590519e+11,running,1.8124065809e+10,1.8124065809e+10,1.8124065809e+10,3.3023341269e+10,3.3328851288e+10,3.3428393298e+10,Duration of an invocation in various states.,invocation_monitor_time,SUMMARY,15000000000,policy-warm-mz,2019-11-09 13:19:44.810768267
1134,2700,29480,45510,77112,8.7122186e+07,,,,,,,,Statistics of scheduler evaluations,workflows_scheduler_eval_time,SUMMARY,15000000000,policy-warm-mz,2019-11-09 13:19:47.810788157
1135,900,2.20416111e+08,4.20404693e+08,,2.14876763464e+11,queued,1.909727e+06,2.041323e+06,1.9095039e+07,1.17212053e+08,3.9379138e+08,4.97584141e+08,Duration of an invocation in various states.,invocation_monitor_time,SUMMARY,15000000000,policy-warm-mz,2019-11-09 13:19:47.810788157
1136,9,3.3127092695e+10,3.3426202489e+10,,2.84235590519e+11,running,1.8124065809e+10,1.8124065809e+10,1.8124065809e+10,3.3023341269e+10,3.3328851288e+10,3.3428393298e+10,Duration of an invocation in various states.,invocation_monitor_time,SUMMARY,15000000000,policy-warm-mz,2019-11-09 13:19:47.810788157
1137,2700,29480,45510,77112,8.7122186e+07,,,,,,,,Statistics of scheduler evaluations,workflows_scheduler_eval_time,SUMMARY,15000000000,policy-warm-mz,2019-11-09 13:19:50.810791052
1138,900,2.20416111e+08,4.20404693e+08,,2.14876763464e+11,queued,1.909727e+06,2.041323e+06,1.9095039e+07,1.17212053e+08,3.9379138e+08,4.97584141e+08,Duration of an invocation in various states.,invocation_monitor_time,SUMMARY,15000000000,policy-warm-mz,2019-11-09 13:19:50.810791052
1139,9,3.3127092695e+10,3.3426202489e+10,,2.84235590519e+11,running,1.8124065809e+10,1.8124065809e+10,1.8124065809e+10,3.3023341269e+10,3.3328851288e+10,3.3428393298e+10,Duration of an invocation in various states.,invocation_monitor_time,SUMMARY,15000000000,policy-warm-mz,2019-11-09 13:19:50.810791052
1140,2700,29480,45510,77112,8.7122186e+07,,,,,,,,Statistics of scheduler evaluations,workflows_scheduler_eval_time,SUMMARY,15000000000,policy-warm-mz,2019-11-09 13:19:53.810766322
1141,900,2.20416111e+08,4.20404693e+08,,2.14876763464e+11,queued,1.909727e+06,2.041323e+06,1.9095039e+07,1.17212053e+08,3.9379138e+08,4.97584141e+08,Duration of an invocation in various states.,invocation_monitor_time,SUMMARY,15000000000,policy-warm-mz,2019-11-09 13:19:53.810766322
1142,21,4.8025383389e+10,4.8332248525e+10,,8.63168458096e+11,running,1.8124065809e+10,1.8124065809e+10,3.3023341269e+10,3.3326736617e+10,4.822567268e+10,4.8427126862e+10,Duration of an invocation in various states.,invocation_monitor_time,SUMMARY,15000000000,policy-warm-mz,2019-11-09 13:19:53.810766322
1143,2806,30517,46385,77112,9.0544573e+07,,,,,,,,Statistics of scheduler evaluations,workflows_scheduler_eval_time,SUMMARY,16000000000,policy-warm-mz,2019-11-09 13:21:00.334444356
1144,945,2.21797294e+08,4.21761895e+08,,2.26325837689e+11,queued,2.744976e+06,2.853353e+06,2.1792784e+07,1.18999798e+08,3.9376019e+08,4.97584141e+08,Duration of an invocation in various states.,invocation_monitor_time,SUMMARY,16000000000,policy-warm-mz,2019-11-09 13:21:00.334444356
1145,2823,30517,46385,74305,9.1223534e+07,,,,,,,,Statistics of scheduler evaluations,workflows_scheduler_eval_time,SUMMARY,16000000000,policy-warm-mz,2019-11-09 13:21:03.334411569
1146,960,2.21768949e+08,4.21746904e+08,,2.29525157891e+11,queued,2.744976e+06,2.861389e+06,2.1741372e+07,1.1746653e+08,3.9376019e+08,4.97584141e+08,Duration of an invocation in various states.,invocation_monitor_time,SUMMARY,16000000000,policy-warm-mz,2019-11-09 13:21:03.334411569
1147,2825,30517,46385,74305,9.1271249e+07,,,,,,,,Statistics of scheduler evaluations,workflows_scheduler_eval_time,SUMMARY,16000000000,policy-warm-mz,2019-11-09 13:21:06.334482426
1148,960,2.21768949e+08,4.21746904e+08,,2.29525157891e+11,queued,2.744976e+06,2.861389e+06,2.1741372e+07,1.1746653e+08,3.9376019e+08,4.97584141e+08,Duration of an invocation in various states.,invocation_monitor_time,SUMMARY,16000000000,policy-warm-mz,2019-11-09 13:21:06.334482426
1149,1,3.019380903e+09,3.019380903e+09,,3.019380903e+09,running,3.019380903e+09,3.019380903e+09,3.019380903e+09,3.019380903e+09,3.019380903e+09,3.019380903e+09,Duration of an invocation in various states.,invocation_monitor_time,SUMMARY,16000000000,policy-warm-mz,2019-11-09 13:21:06.334482426
1150,2825,30517,46385,74305,9.1271249e+07,,,,,,,,Statistics of scheduler evaluations,workflows_scheduler_eval_time,SUMMARY,16000000000,policy-warm-mz,2019-11-09 13:21:09.334437709
1151,960,2.21768949e+08,4.21746904e+08,,2.29525157891e+11,queued,2.744976e+06,2.861389e+06,2.1741372e+07,1.1746653e+08,3.9376019e+08,4.97584141e+08,Duration of an invocation in various states.,invocation_monitor_time,SUMMARY,16000000000,policy-warm-mz,2019-11-09 13:21:09.334437709
1152,1,3.019380903e+09,3.019380903e+09,,3.019380903e+09,running,3.019380903e+09,3.019380903e+09,3.019380903e+09,3.019380903e+09,3.019380903e+09,3.019380903e+09,Duration of an invocation in various states.,invocation_monitor_time,SUMMARY,16000000000,policy-warm-mz,2019-11-09 13:21:09.334437709
1153,2825,30517,46385,74305,9.1271249e+07,,,,,,,,Statistics of scheduler evaluations,workflows_scheduler_eval_time,SUMMARY,16000000000,policy-warm-mz,2019-11-09 13:21:12.334409917
1154,960,2.21768949e+08,4.21746904e+08,,2.29525157891e+11,queued,2.744976e+06,2.861389e+06,2.1741372e+07,1.1746653e+08,3.9376019e+08,4.97584141e+08,Duration of an invocation in various states.,invocation_monitor_time,SUMMARY,16000000000,policy-warm-mz,2019-11-09 13:21:12.334409917
1155,1,3.019380903e+09,3.019380903e+09,,3.019380903e+09,running,3.019380903e+09,3.019380903e+09,3.019380903e+09,3.019380903e+09,3.019380903e+09,3.019380903e+09,Duration of an invocation in various states.,invocation_monitor_time,SUMMARY,16000000000,policy-warm-mz,2019-11-09 13:21:12.334409917
1156,2829,30517,46385,74305,9.1386203e+07,,,,,,,,Statistics of scheduler evaluations,workflows_scheduler_eval_time,SUMMARY,16000000000,policy-warm-mz,2019-11-09 13:21:15.334449464
1157,960,2.21768949e+08,4.21746904e+08,,2.29525157891e+11,queued,2.744976e+06,2.861389e+06,2.1741372e+07,1.1746653e+08,3.9376019e+08,4.97584141e+08,Duration of an invocation in various states.,invocation_monitor_time,SUMMARY,16000000000,policy-warm-mz,2019-11-09 13:21:15.334449464
1158,1,3.019380903e+09,3.019380903e+09,,3.019380903e+09,running,3.019380903e+09,3.019380903e+09,3.019380903e+09,3.019380903e+09,3.019380903e+09,3.019380903e+09,Duration of an invocation in various states.,invocation_monitor_time,SUMMARY,16000000000,policy-warm-mz,2019-11-09 13:21:15.334449464
1159,2850,30517,46385,74305,9.1929799e+07,,,,,,,,Statistics of scheduler evaluations,workflows_scheduler_eval_time,SUMMARY,16000000000,policy-warm-mz,2019-11-09 13:21:18.334420725
1160,960,2.21768949e+08,4.21746904e+08,,2.29525157891e+11,queued,2.744976e+06,2.861389e+06,2.1741372e+07,1.1746653e+08,3.9376019e+08,4.97584141e+08,Duration of an invocation in various states.,invocation_monitor_time,SUMMARY,16000000000,policy-warm-mz,2019-11-09 13:21:18.334420725
1161,2,3.019380903e+09,3.019380903e+09,,2.2409669919e+10,running,3.019380903e+09,3.019380903e+09,3.019380903e+09,3.019380903e+09,3.019380903e+09,1.9390289016e+10,Duration of an invocation in various states.,invocation_monitor_time,SUMMARY,16000000000,policy-warm-mz,2019-11-09 13:21:18.334420725
1162,2859,30517,46385,77112,9.2355107e+07,,,,,,,,Statistics of scheduler evaluations,workflows_scheduler_eval_time,SUMMARY,16000000000,policy-warm-mz,2019-11-09 13:21:21.334424823
1163,960,2.21768949e+08,4.21746904e+08,,2.29525157891e+11,queued,2.744976e+06,2.861389e+06,2.1741372e+07,1.1746653e+08,3.9376019e+08,4.97584141e+08,Duration of an invocation in various states.,invocation_monitor_time,SUMMARY,16000000000,policy-warm-mz,2019-11-09 13:21:21.334424823
1164,3,3.019380903e+09,1.9019876955e+10,,4.1429546874e+10,running,3.019380903e+09,3.019380903e+09,3.019380903e+09,3.019380903e+09,1.9019876955e+10,1.9390289016e+10,Duration of an invocation in various states.,invocation_monitor_time,SUMMARY,16000000000,policy-warm-mz,2019-11-09 13:21:21.334424823
1165,2859,30517,46385,77112,9.2355107e+07,,,,,,,,Statistics of scheduler evaluations,workflows_scheduler_eval_time,SUMMARY,16000000000,policy-warm-mz,2019-11-09 13:21:24.334416810
1166,960,2.21768949e+08,4.21746904e+08,,2.29525157891e+11,queued,2.744976e+06,2.861389e+06,2.1741372e+07,1.1746653e+08,3.9376019e+08,4.97584141e+08,Duration of an invocation in various states.,invocation_monitor_time,SUMMARY,16000000000,policy-warm-mz,2019-11-09 13:21:24.334416810
1167,3,3.019380903e+09,1.9019876955e+10,,4.1429546874e+10,running,3.019380903e+09,3.019380903e+09,3.019380903e+09,3.019380903e+09,1.9019876955e+10,1.9390289016e+10,Duration of an invocation in various states.,invocation_monitor_time,SUMMARY,16000000000,policy-warm-mz,2019-11-09 13:21:24.334416810
1168,2859,30517,46385,77112,9.2355107e+07,,,,,,,,Statistics of scheduler evaluations,workflows_scheduler_eval_time,SUMMARY,16000000000,policy-warm-mz,2019-11-09 13:21:27.334396098
1169,960,2.21768949e+08,4.21746904e+08,,2.29525157891e+11,queued,2.744976e+06,2.861389e+06,2.1741372e+07,1.1746653e+08,3.9376019e+08,4.97584141e+08,Duration of an invocation in various states.,invocation_monitor_time,SUMMARY,16000000000,policy-warm-mz,2019-11-09 13:21:27.334396098
1170,3,3.019380903e+09,1.9019876955e+10,,4.1429546874e+10,running,3.019380903e+09,3.019380903e+09,3.019380903e+09,3.019380903e+09,1.9019876955e+10,1.9390289016e+10,Duration of an invocation in various states.,invocation_monitor_time,SUMMARY,16000000000,policy-warm-mz,2019-11-09 13:21:27.334396098
1171,2859,30517,46385,77112,9.2355107e+07,,,,,,,,Statistics of scheduler evaluations,workflows_scheduler_eval_time,SUMMARY,16000000000,policy-warm-mz,2019-11-09 13:21:30.334399721
1172,960,2.21768949e+08,4.21746904e+08,,2.29525157891e+11,queued,2.744976e+06,2.861389e+06,2.1741372e+07,1.1746653e+08,3.9376019e+08,4.97584141e+08,Duration of an invocation in various states.,invocation_monitor_time,SUMMARY,16000000000,policy-warm-mz,2019-11-09 13:21:30.334399721
1173,3,3.019380903e+09,1.9019876955e+10,,4.1429546874e+10,running,3.019380903e+09,3.019380903e+09,3.019380903e+09,3.019380903e+09,1.9019876955e+10,1.9390289016e+10,Duration of an invocation in various states.,invocation_monitor_time,SUMMARY,16000000000,policy-warm-mz,2019-11-09 13:21:30.334399721
1174,2865,30517,46385,77112,9.2470969e+07,,,,,,,,Statistics of scheduler evaluations,workflows_scheduler_eval_time,SUMMARY,16000000000,policy-warm-mz,2019-11-09 13:21:33.334399959
1175,960,2.21768949e+08,4.21746904e+08,,2.29525157891e+11,queued,2.744976e+06,2.861389e+06,2.1741372e+07,1.1746653e+08,3.9376019e+08,4.97584141e+08,Duration of an invocation in various states.,invocation_monitor_time,SUMMARY,16000000000,policy-warm-mz,2019-11-09 13:21:33.334399959
1176,4,1.9019876955e+10,1.9390289016e+10,,7.655243457e+10,running,3.019380903e+09,3.019380903e+09,3.019380903e+09,3.019380903e+09,1.9390289016e+10,3.5122887696e+10,Duration of an invocation in various states.,invocation_monitor_time,SUMMARY,16000000000,policy-warm-mz,2019-11-09 13:21:33.334399959
1177,2876,30517,46385,77112,9.2745704e+07,,,,,,,,Statistics of scheduler evaluations,workflows_scheduler_eval_time,SUMMARY,16000000000,policy-warm-mz,2019-11-09 13:21:36.334460117
1178,960,2.21768949e+08,4.21746904e+08,,2.29525157891e+11,queued,2.744976e+06,2.861389e+06,2.1741372e+07,1.1746653e+08,3.9376019e+08,4.97584141e+08,Duration of an invocation in various states.,invocation_monitor_time,SUMMARY,16000000000,policy-warm-mz,2019-11-09 13:21:36.334460117
1179,8,3.5122249459e+10,3.5220699222e+10,,2.1743870419e+11,running,3.019380903e+09,3.019380903e+09,3.019380903e+09,1.9019876955e+10,3.5220325492e+10,3.5322995447e+10,Duration of an invocation in various states.,invocation_monitor_time,SUMMARY,16000000000,policy-warm-mz,2019-11-09 13:21:36.334460117
1180,2880,30517,46385,77112,9.2840853e+07,,,,,,,,Statistics of scheduler evaluations,workflows_scheduler_eval_time,SUMMARY,16000000000,policy-warm-mz,2019-11-09 13:21:39.334439776
1181,960,2.21768949e+08,4.21746904e+08,,2.29525157891e+11,queued,2.744976e+06,2.861389e+06,2.1741372e+07,1.1746653e+08,3.9376019e+08,4.97584141e+08,Duration of an invocation in various states.,invocation_monitor_time,SUMMARY,16000000000,policy-warm-mz,2019-11-09 13:21:39.334439776
1182,12,3.5220325492e+10,3.5324369369e+10,,3.58730483038e+11,running,3.019380903e+09,3.019380903e+09,3.019380903e+09,1.9390289016e+10,3.5322995447e+10,3.5421094491e+10,Duration of an invocation in various states.,invocation_monitor_time,SUMMARY,16000000000,policy-warm-mz,2019-11-09 13:21:39.334439776
1183,2880,30517,46385,77112,9.2840853e+07,,,,,,,,Statistics of scheduler evaluations,workflows_scheduler_eval_time,SUMMARY,16000000000,policy-warm-mz,2019-11-09 13:21:42.334449077
1184,960,2.21768949e+08,4.21746904e+08,,2.29525157891e+11,queued,2.744976e+06,2.861389e+06,2.1741372e+07,1.1746653e+08,3.9376019e+08,4.97584141e+08,Duration of an invocation in various states.,invocation_monitor_time,SUMMARY,16000000000,policy-warm-mz,2019-11-09 13:21:42.334449077
1185,12,3.5220325492e+10,3.5324369369e+10,,3.58730483038e+11,running,3.019380903e+09,3.019380903e+09,3.019380903e+09,1.9390289016e+10,3.5322995447e+10,3.5421094491e+10,Duration of an invocation in various states.,invocation_monitor_time,SUMMARY,16000000000,policy-warm-mz,2019-11-09 13:21:42.334449077
1186,2880,30517,46385,77112,9.2840853e+07,,,,,,,,Statistics of scheduler evaluations,workflows_scheduler_eval_time,SUMMARY,16000000000,policy-warm-mz,2019-11-09 13:21:45.334420912
1187,960,2.21768949e+08,4.21746904e+08,,2.29525157891e+11,queued,2.744976e+06,2.861389e+06,2.1741372e+07,1.1746653e+08,3.9376019e+08,4.97584141e+08,Duration of an invocation in various states.,invocation_monitor_time,SUMMARY,16000000000,policy-warm-mz,2019-11-09 13:21:45.334420912
1188,12,3.5220325492e+10,3.5324369369e+10,,3.58730483038e+11,running,3.019380903e+09,3.019380903e+09,3.019380903e+09,1.9390289016e+10,3.5322995447e+10,3.5421094491e+10,Duration of an invocation in various states.,invocation_monitor_time,SUMMARY,16000000000,policy-warm-mz,2019-11-09 13:21:45.334420912
1189,2880,30517,46385,77112,9.2840853e+07,,,,,,,,Statistics of scheduler evaluations,workflows_scheduler_eval_time,SUMMARY,16000000000,policy-warm-mz,2019-11-09 13:21:48.334466248
1190,960,2.21768949e+08,4.21746904e+08,,2.29525157891e+11,queued,2.744976e+06,2.861389e+06,2.1741372e+07,1.1746653e+08,3.9376019e+08,4.97584141e+08,Duration of an invocation in various states.,invocation_monitor_time,SUMMARY,16000000000,policy-warm-mz,2019-11-09 13:21:48.334466248
1191,12,3.5220325492e+10,3.5324369369e+10,,3.58730483038e+11,running,3.019380903e+09,3.019380903e+09,3.019380903e+09,1.9390289016e+10,3.5322995447e+10,3.5421094491e+10,Duration of an invocation in various states.,invocation_monitor_time,SUMMARY,16000000000,policy-warm-mz,2019-11-09 13:21:48.334466248
1192,2880,30517,46385,77112,9.2840853e+07,,,,,,,,Statistics of scheduler evaluations,workflows_scheduler_eval_time,SUMMARY,16000000000,policy-warm-mz,2019-11-09 13:21:51.334427067
1193,960,2.21768949e+08,4.21746904e+08,,2.29525157891e+11,queued,2.744976e+06,2.861389e+06,2.1741372e+07,1.1746653e+08,3.9376019e+08,4.97584141e+08,Duration of an invocation in various states.,invocation_monitor_time,SUMMARY,16000000000,policy-warm-mz,2019-11-09 13:21:51.334427067
1194,20,3.5324369369e+10,5.132767721e+10,,7.68637625747e+11,running,3.019380903e+09,3.019380903e+09,1.9019876955e+10,3.5122887696e+10,5.1126007224e+10,5.1423161923e+10,Duration of an invocation in various states.,invocation_monitor_time,SUMMARY,16000000000,policy-warm-mz,2019-11-09 13:21:51.334427067
1195,2991,30654,45225,77112,9.6373099e+07,,,,,,,,Statistics of scheduler evaluations,workflows_scheduler_eval_time,SUMMARY,17000000000,policy-warm-mz,2019-11-09 13:23:00.732583412
1196,1006,2.73798986e+08,4.73848969e+08,,2.4137706799e+11,queued,1.0223441e+07,1.0294493e+07,7.3782631e+07,1.20462644e+08,3.9376019e+08,4.97584141e+08,Duration of an invocation in various states.,invocation_monitor_time,SUMMARY,17000000000,policy-warm-mz,2019-11-09 13:23:00.732583412
1197,3008,30654,45225,77112,9.6925295e+07,,,,,,,,Statistics of scheduler evaluations,workflows_scheduler_eval_time,SUMMARY,17000000000,policy-warm-mz,2019-11-09 13:23:03.732570872
1198,1020,2.73769798e+08,4.73774105e+08,,2.44519975693e+11,queued,1.0176377e+07,1.0222644e+07,7.3733803e+07,1.1746653e+08,3.9376019e+08,4.97584141e+08,Duration of an invocation in various states.,invocation_monitor_time,SUMMARY,17000000000,policy-warm-mz,2019-11-09 13:23:03.732570872
1199,1,3.216215693e+09,3.216215693e+09,,3.216215693e+09,running,3.216215693e+09,3.216215693e+09,3.216215693e+09,3.216215693e+09,3.216215693e+09,3.216215693e+09,Duration of an invocation in various states.,invocation_monitor_time,SUMMARY,17000000000,policy-warm-mz,2019-11-09 13:23:03.732570872
1200,3010,30654,45225,77112,9.6996825e+07,,,,,,,,Statistics of scheduler evaluations,workflows_scheduler_eval_time,SUMMARY,17000000000,policy-warm-mz,2019-11-09 13:23:06.732525215
1201,1020,2.73769798e+08,4.73774105e+08,,2.44519975693e+11,queued,1.0176377e+07,1.0222644e+07,7.3733803e+07,1.1746653e+08,3.9376019e+08,4.97584141e+08,Duration of an invocation in various states.,invocation_monitor_time,SUMMARY,17000000000,policy-warm-mz,2019-11-09 13:23:06.732525215
1202,1,3.216215693e+09,3.216215693e+09,,3.216215693e+09,running,3.216215693e+09,3.216215693e+09,3.216215693e+09,3.216215693e+09,3.216215693e+09,3.216215693e+09,Duration of an invocation in various states.,invocation_monitor_time,SUMMARY,17000000000,policy-warm-mz,2019-11-09 13:23:06.732525215
1203,3010,30654,45225,77112,9.6996825e+07,,,,,,,,Statistics of scheduler evaluations,workflows_scheduler_eval_time,SUMMARY,17000000000,policy-warm-mz,2019-11-09 13:23:09.732529915
1204,1020,2.73769798e+08,4.73774105e+08,,2.44519975693e+11,queued,1.0176377e+07,1.0222644e+07,7.3733803e+07,1.1746653e+08,3.9376019e+08,4.97584141e+08,Duration of an invocation in various states.,invocation_monitor_time,SUMMARY,17000000000,policy-warm-mz,2019-11-09 13:23:09.732529915
1205,1,3.216215693e+09,3.216215693e+09,,3.216215693e+09,running,3.216215693e+09,3.216215693e+09,3.216215693e+09,3.216215693e+09,3.216215693e+09,3.216215693e+09,Duration of an invocation in various states.,invocation_monitor_time,SUMMARY,17000000000,policy-warm-mz,2019-11-09 13:23:09.732529915
1206,3010,30654,45225,77112,9.6996825e+07,,,,,,,,Statistics of scheduler evaluations,workflows_scheduler_eval_time,SUMMARY,17000000000,policy-warm-mz,2019-11-09 13:23:12.732538550
1207,1020,2.73769798e+08,4.73774105e+08,,2.44519975693e+11,queued,1.0176377e+07,1.0222644e+07,7.3733803e+07,1.1746653e+08,3.9376019e+08,4.97584141e+08,Duration of an invocation in various states.,invocation_monitor_time,SUMMARY,17000000000,policy-warm-mz,2019-11-09 13:23:12.732538550
1208,1,3.216215693e+09,3.216215693e+09,,3.216215693e+09,running,3.216215693e+09,3.216215693e+09,3.216215693e+09,3.216215693e+09,3.216215693e+09,3.216215693e+09,Duration of an invocation in various states.,invocation_monitor_time,SUMMARY,17000000000,policy-warm-mz,2019-11-09 13:23:12.732538550
1209,3010,30654,45225,77112,9.6996825e+07,,,,,,,,Statistics of scheduler evaluations,workflows_scheduler_eval_time,SUMMARY,17000000000,policy-warm-mz,2019-11-09 13:23:15.732611896
1210,1020,2.73769798e+08,4.73774105e+08,,2.44519975693e+11,queued,1.0176377e+07,1.0222644e+07,7.3733803e+07,1.1746653e+08,3.9376019e+08,4.97584141e+08,Duration of an invocation in various states.,invocation_monitor_time,SUMMARY,17000000000,policy-warm-mz,2019-11-09 13:23:15.732611896
1211,1,3.216215693e+09,3.216215693e+09,,3.216215693e+09,running,3.216215693e+09,3.216215693e+09,3.216215693e+09,3.216215693e+09,3.216215693e+09,3.216215693e+09,Duration of an invocation in various states.,invocation_monitor_time,SUMMARY,17000000000,policy-warm-mz,2019-11-09 13:23:15.732611896
1212,3024,30654,45225,77112,9.7391632e+07,,,,,,,,Statistics of scheduler evaluations,workflows_scheduler_eval_time,SUMMARY,17000000000,policy-warm-mz,2019-11-09 13:23:18.732564875
1213,1020,2.73769798e+08,4.73774105e+08,,2.44519975693e+11,queued,1.0176377e+07,1.0222644e+07,7.3733803e+07,1.1746653e+08,3.9376019e+08,4.97584141e+08,Duration of an invocation in various states.,invocation_monitor_time,SUMMARY,17000000000,policy-warm-mz,2019-11-09 13:23:18.732564875
1214,2,3.216215693e+09,3.216215693e+09,,2.3708479253e+10,running,3.216215693e+09,3.216215693e+09,3.216215693e+09,3.216215693e+09,3.216215693e+09,2.049226356e+10,Duration of an invocation in various states.,invocation_monitor_time,SUMMARY,17000000000,policy-warm-mz,2019-11-09 13:23:18.732564875
1215,3041,30654,45225,77112,9.789497e+07,,,,,,,,Statistics of scheduler evaluations,workflows_scheduler_eval_time,SUMMARY,17000000000,policy-warm-mz,2019-11-09 13:23:21.732582865
1216,1020,2.73769798e+08,4.73774105e+08,,2.44519975693e+11,queued,1.0176377e+07,1.0222644e+07,7.3733803e+07,1.1746653e+08,3.9376019e+08,4.97584141e+08,Duration of an invocation in various states.,invocation_monitor_time,SUMMARY,17000000000,policy-warm-mz,2019-11-09 13:23:21.732582865
1217,3,3.216215693e+09,2.0016672875e+10,,4.3725152128e+10,running,3.216215693e+09,3.216215693e+09,3.216215693e+09,3.216215693e+09,2.0016672875e+10,2.049226356e+10,Duration of an invocation in various states.,invocation_monitor_time,SUMMARY,17000000000,policy-warm-mz,2019-11-09 13:23:21.732582865
1218,3043,30654,45225,77112,9.7940917e+07,,,,,,,,Statistics of scheduler evaluations,workflows_scheduler_eval_time,SUMMARY,17000000000,policy-warm-mz,2019-11-09 13:23:24.732605282
1219,1020,2.73769798e+08,4.73774105e+08,,2.44519975693e+11,queued,1.0176377e+07,1.0222644e+07,7.3733803e+07,1.1746653e+08,3.9376019e+08,4.97584141e+08,Duration of an invocation in various states.,invocation_monitor_time,SUMMARY,17000000000,policy-warm-mz,2019-11-09 13:23:24.732605282
1220,4,2.0016672875e+10,2.0218879923e+10,,6.3944032051e+10,running,3.216215693e+09,3.216215693e+09,3.216215693e+09,3.216215693e+09,2.0218879923e+10,2.049226356e+10,Duration of an invocation in various states.,invocation_monitor_time,SUMMARY,17000000000,policy-warm-mz,2019-11-09 13:23:24.732605282
1221,3043,30654,45225,77112,9.7940917e+07,,,,,,,,Statistics of scheduler evaluations,workflows_scheduler_eval_time,SUMMARY,17000000000,policy-warm-mz,2019-11-09 13:23:27.732535907
1222,1020,2.73769798e+08,4.73774105e+08,,2.44519975693e+11,queued,1.0176377e+07,1.0222644e+07,7.3733803e+07,1.1746653e+08,3.9376019e+08,4.97584141e+08,Duration of an invocation in various states.,invocation_monitor_time,SUMMARY,17000000000,policy-warm-mz,2019-11-09 13:23:27.732535907
1223,4,2.0016672875e+10,2.0218879923e+10,,6.3944032051e+10,running,3.216215693e+09,3.216215693e+09,3.216215693e+09,3.216215693e+09,2.0218879923e+10,2.049226356e+10,Duration of an invocation in various states.,invocation_monitor_time,SUMMARY,17000000000,policy-warm-mz,2019-11-09 13:23:27.732535907
1224,3043,30654,45225,77112,9.7940917e+07,,,,,,,,Statistics of scheduler evaluations,workflows_scheduler_eval_time,SUMMARY,17000000000,policy-warm-mz,2019-11-09 13:23:30.732587133
1225,1020,2.73769798e+08,4.73774105e+08,,2.44519975693e+11,queued,1.0176377e+07,1.0222644e+07,7.3733803e+07,1.1746653e+08,3.9376019e+08,4.97584141e+08,Duration of an invocation in various states.,invocation_monitor_time,SUMMARY,17000000000,policy-warm-mz,2019-11-09 13:23:30.732587133
1226,4,2.0016672875e+10,2.0218879923e+10,,6.3944032051e+10,running,3.216215693e+09,3.216215693e+09,3.216215693e+09,3.216215693e+09,2.0218879923e+10,2.049226356e+10,Duration of an invocation in various states.,invocation_monitor_time,SUMMARY,17000000000,policy-warm-mz,2019-11-09 13:23:30.732587133
1227,3043,30654,45225,77112,9.7940917e+07,,,,,,,,Statistics of scheduler evaluations,workflows_scheduler_eval_time,SUMMARY,17000000000,policy-warm-mz,2019-11-09 13:23:33.732581934
1228,1020,2.73769798e+08,4.73774105e+08,,2.44519975693e+11,queued,1.0176377e+07,1.0222644e+07,7.3733803e+07,1.1746653e+08,3.9376019e+08,4.97584141e+08,Duration of an invocation in various states.,invocation_monitor_time,SUMMARY,17000000000,policy-warm-mz,2019-11-09 13:23:33.732581934
1229,4,2.0016672875e+10,2.0218879923e+10,,6.3944032051e+10,running,3.216215693e+09,3.216215693e+09,3.216215693e+09,3.216215693e+09,2.0218879923e+10,2.049226356e+10,Duration of an invocation in various states.,invocation_monitor_time,SUMMARY,17000000000,policy-warm-mz,2019-11-09 13:23:33.732581934
1230,3050,30654,45225,77112,9.8107248e+07,,,,,,,,Statistics of scheduler evaluations,workflows_scheduler_eval_time,SUMMARY,17000000000,policy-warm-mz,2019-11-09 13:23:36.732584199
1231,1020,2.73769798e+08,4.73774105e+08,,2.44519975693e+11,queued,1.0176377e+07,1.0222644e+07,7.3733803e+07,1.1746653e+08,3.9376019e+08,4.97584141e+08,Duration of an invocation in various states.,invocation_monitor_time,SUMMARY,17000000000,policy-warm-mz,2019-11-09 13:23:36.732584199
1232,9,2.049226356e+10,3.7325308051e+10,,2.50145092656e+11,running,3.216215693e+09,3.216215693e+09,3.216215693e+09,2.0016672875e+10,3.7119170608e+10,3.741866895e+10,Duration of an invocation in various states.,invocation_monitor_time,SUMMARY,17000000000,policy-warm-mz,2019-11-09 13:23:36.732584199
1233,3060,30654,45225,74305,9.8386182e+07,,,,,,,,Statistics of scheduler evaluations,workflows_scheduler_eval_time,SUMMARY,17000000000,policy-warm-mz,2019-11-09 13:23:39.732518468
1234,1020,2.73769798e+08,4.73774105e+08,,2.44519975693e+11,queued,1.0176377e+07,1.0222644e+07,7.3733803e+07,1.1746653e+08,3.9376019e+08,4.97584141e+08,Duration of an invocation in various states.,invocation_monitor_time,SUMMARY,17000000000,policy-warm-mz,2019-11-09 13:23:39.732518468
1235,16,3.7121191304e+10,3.7417665934e+10,,5.10875224476e+11,running,3.216215693e+09,3.216215693e+09,3.216215693e+09,2.049226356e+10,3.731958884e+10,3.741866895e+10,Duration of an invocation in various states.,invocation_monitor_time,SUMMARY,17000000000,policy-warm-mz,2019-11-09 13:23:39.732518468
1236,3060,30654,45225,74305,9.8386182e+07,,,,,,,,Statistics of scheduler evaluations,workflows_scheduler_eval_time,SUMMARY,17000000000,policy-warm-mz,2019-11-09 13:23:42.732610235
1237,1020,2.73769798e+08,4.73774105e+08,,2.44519975693e+11,queued,1.0176377e+07,1.0222644e+07,7.3733803e+07,1.1746653e+08,3.9376019e+08,4.97584141e+08,Duration of an invocation in various states.,invocation_monitor_time,SUMMARY,17000000000,policy-warm-mz,2019-11-09 13:23:42.732610235
1238,18,3.7121256148e+10,3.7417665934e+10,,5.85317691401e+11,running,3.216215693e+09,3.216215693e+09,3.216215693e+09,2.049226356e+10,3.731958884e+10,3.741866895e+10,Duration of an invocation in various states.,invocation_monitor_time,SUMMARY,17000000000,policy-warm-mz,2019-11-09 13:23:42.732610235
1239,3060,30654,45225,74305,9.8386182e+07,,,,,,,,Statistics of scheduler evaluations,workflows_scheduler_eval_time,SUMMARY,17000000000,policy-warm-mz,2019-11-09 13:23:45.732527969
1240,1020,2.73769798e+08,4.73774105e+08,,2.44519975693e+11,queued,1.0176377e+07,1.0222644e+07,7.3733803e+07,1.1746653e+08,3.9376019e+08,4.97584141e+08,Duration of an invocation in various states.,invocation_monitor_time,SUMMARY,17000000000,policy-warm-mz,2019-11-09 13:23:45.732527969
1241,18,3.7121256148e+10,3.7417665934e+10,,5.85317691401e+11,running,3.216215693e+09,3.216215693e+09,3.216215693e+09,2.049226356e+10,3.731958884e+10,3.741866895e+10,Duration of an invocation in various states.,invocation_monitor_time,SUMMARY,17000000000,policy-warm-mz,2019-11-09 13:23:45.732527969
1242,3060,30654,45225,74305,9.8386182e+07,,,,,,,,Statistics of scheduler evaluations,workflows_scheduler_eval_time,SUMMARY,17000000000,policy-warm-mz,2019-11-09 13:23:48.732539339
1243,1020,2.73769798e+08,4.73774105e+08,,2.44519975693e+11,queued,1.0176377e+07,1.0222644e+07,7.3733803e+07,1.1746653e+08,3.9376019e+08,4.97584141e+08,Duration of an invocation in various states.,invocation_monitor_time,SUMMARY,17000000000,policy-warm-mz,2019-11-09 13:23:48.732539339
1244,18,3.7121256148e+10,3.7417665934e+10,,5.85317691401e+11,running,3.216215693e+09,3.216215693e+09,3.216215693e+09,2.049226356e+10,3.731958884e+10,3.741866895e+10,Duration of an invocation in various states.,invocation_monitor_time,SUMMARY,17000000000,policy-warm-mz,2019-11-09 13:23:48.732539339
1245,3060,30654,45225,74305,9.8386182e+07,,,,,,,,Statistics of scheduler evaluations,workflows_scheduler_eval_time,SUMMARY,17000000000,policy-warm-mz,2019-11-09 13:23:51.732559515
1246,1020,2.73769798e+08,4.73774105e+08,,2.44519975693e+11,queued,1.0176377e+07,1.0222644e+07,7.3733803e+07,1.1746653e+08,3.9376019e+08,4.97584141e+08,Duration of an invocation in various states.,invocation_monitor_time,SUMMARY,17000000000,policy-warm-mz,2019-11-09 13:23:51.732559515
1247,18,3.7121256148e+10,3.7417665934e+10,,5.85317691401e+11,running,3.216215693e+09,3.216215693e+09,3.216215693e+09,2.049226356e+10,3.731958884e+10,3.741866895e+10,Duration of an invocation in various states.,invocation_monitor_time,SUMMARY,17000000000,policy-warm-mz,2019-11-09 13:23:51.732559515
1248,3060,30654,45225,74305,9.8386182e+07,,,,,,,,Statistics of scheduler evaluations,workflows_scheduler_eval_time,SUMMARY,17000000000,policy-warm-mz,2019-11-09 13:23:54.732535025
1249,1020,2.73769798e+08,4.73774105e+08,,2.44519975693e+11,queued,1.0176377e+07,1.0222644e+07,7.3733803e+07,1.1746653e+08,3.9376019e+08,4.97584141e+08,Duration of an invocation in various states.,invocation_monitor_time,SUMMARY,17000000000,policy-warm-mz,2019-11-09 13:23:54.732535025
1250,22,3.7218223466e+10,5.4019808804e+10,,8.02107869446e+11,running,3.216215693e+09,3.216215693e+09,2.0016672875e+10,3.7018056006e+10,3.7417665934e+10,5.4422672258e+10,Duration of an invocation in various states.,invocation_monitor_time,SUMMARY,17000000000,policy-warm-mz,2019-11-09 13:23:54.732535025
1251,3060,30654,45225,74305,9.8386182e+07,,,,,,,,Statistics of scheduler evaluations,workflows_scheduler_eval_time,SUMMARY,17000000000,policy-warm-mz,2019-11-09 13:23:57.732637751
1252,1020,2.73769798e+08,4.73774105e+08,,2.44519975693e+11,queued,1.0176377e+07,1.0222644e+07,7.3733803e+07,1.1746653e+08,3.9376019e+08,4.97584141e+08,Duration of an invocation in various states.,invocation_monitor_time,SUMMARY,17000000000,policy-warm-mz,2019-11-09 13:23:57.732637751
1253,30,3.7325308051e+10,5.4323946159e+10,,1.236081223861e+12,running,3.216215693e+09,3.216215693e+09,2.0218879923e+10,3.7119170608e+10,5.4124081782e+10,5.4422672258e+10,Duration of an invocation in various states.,invocation_monitor_time,SUMMARY,17000000000,policy-warm-mz,2019-11-09 13:23:57.732637751
1254,3168,29419,46045,72091,1.01975368e+08,,,,,,,,Statistics of scheduler evaluations,workflows_scheduler_eval_time,SUMMARY,18000000000,policy-warm-mz,2019-11-09 13:25:07.246050370
1255,1066,2.66898313e+08,4.21847946e+08,,2.5611605826e+11,queued,7.828561e+06,7.830072e+06,6.6822324e+07,1.17155803e+08,3.75980641e+08,4.94253589e+08,Duration of an invocation in various states.,invocation_monitor_time,SUMMARY,18000000000,policy-warm-mz,2019-11-09 13:25:07.246050370
1256,3183,29419,46045,70718,1.02480867e+08,,,,,,,,Statistics of scheduler evaluations,workflows_scheduler_eval_time,SUMMARY,18000000000,policy-warm-mz,2019-11-09 13:25:10.246023898
1257,1080,2.66886164e+08,4.21827405e+08,,2.59124445847e+11,queued,7.701571e+06,7.720932e+06,2.1824253e+07,1.13306983e+08,3.7581887e+08,4.94253589e+08,Duration of an invocation in various states.,invocation_monitor_time,SUMMARY,18000000000,policy-warm-mz,2019-11-09 13:25:10.246023898
1258,3183,29419,46045,70718,1.02480867e+08,,,,,,,,Statistics of scheduler evaluations,workflows_scheduler_eval_time,SUMMARY,18000000000,policy-warm-mz,2019-11-09 13:25:13.246028310
1259,1080,2.66886164e+08,4.21827405e+08,,2.59124445847e+11,queued,7.701571e+06,7.720932e+06,2.1824253e+07,1.13306983e+08,3.7581887e+08,4.94253589e+08,Duration of an invocation in various states.,invocation_monitor_time,SUMMARY,18000000000,policy-warm-mz,2019-11-09 13:25:13.246028310
1260,3183,29419,46045,70718,1.02480867e+08,,,,,,,,Statistics of scheduler evaluations,workflows_scheduler_eval_time,SUMMARY,18000000000,policy-warm-mz,2019-11-09 13:25:16.246066662
1261,1080,2.66886164e+08,4.21827405e+08,,2.59124445847e+11,queued,7.701571e+06,7.720932e+06,2.1824253e+07,1.13306983e+08,3.7581887e+08,4.94253589e+08,Duration of an invocation in various states.,invocation_monitor_time,SUMMARY,18000000000,policy-warm-mz,2019-11-09 13:25:16.246066662
1262,3183,29419,46045,70718,1.02480867e+08,,,,,,,,Statistics of scheduler evaluations,workflows_scheduler_eval_time,SUMMARY,18000000000,policy-warm-mz,2019-11-09 13:25:19.246033345
1263,1080,2.66886164e+08,4.21827405e+08,,2.59124445847e+11,queued,7.701571e+06,7.720932e+06,2.1824253e+07,1.13306983e+08,3.7581887e+08,4.94253589e+08,Duration of an invocation in various states.,invocation_monitor_time,SUMMARY,18000000000,policy-warm-mz,2019-11-09 13:25:19.246033345
1264,3183,29419,46045,70718,1.02480867e+08,,,,,,,,Statistics of scheduler evaluations,workflows_scheduler_eval_time,SUMMARY,18000000000,policy-warm-mz,2019-11-09 13:25:22.246103030
1265,1080,2.66886164e+08,4.21827405e+08,,2.59124445847e+11,queued,7.701571e+06,7.720932e+06,2.1824253e+07,1.13306983e+08,3.7581887e+08,4.94253589e+08,Duration of an invocation in various states.,invocation_monitor_time,SUMMARY,18000000000,policy-warm-mz,2019-11-09 13:25:22.246103030
1266,3194,29419,46045,70718,1.02825071e+08,,,,,,,,Statistics of scheduler evaluations,workflows_scheduler_eval_time,SUMMARY,18000000000,policy-warm-mz,2019-11-09 13:25:25.246038136
1267,1080,2.66886164e+08,4.21827405e+08,,2.59124445847e+11,queued,7.701571e+06,7.720932e+06,2.1824253e+07,1.13306983e+08,3.7581887e+08,4.94253589e+08,Duration of an invocation in various states.,invocation_monitor_time,SUMMARY,18000000000,policy-warm-mz,2019-11-09 13:25:25.246038136
1268,3215,29419,46045,70718,1.0339694e+08,,,,,,,,Statistics of scheduler evaluations,workflows_scheduler_eval_time,SUMMARY,18000000000,policy-warm-mz,2019-11-09 13:25:28.246031898
1269,1080,2.66886164e+08,4.21827405e+08,,2.59124445847e+11,queued,7.701571e+06,7.720932e+06,2.1824253e+07,1.13306983e+08,3.7581887e+08,4.94253589e+08,Duration of an invocation in various states.,invocation_monitor_time,SUMMARY,18000000000,policy-warm-mz,2019-11-09 13:25:28.246031898
1270,1,2.1018529427e+10,2.1018529427e+10,,2.1018529427e+10,running,2.1018529427e+10,2.1018529427e+10,2.1018529427e+10,2.1018529427e+10,2.1018529427e+10,2.1018529427e+10,Duration of an invocation in various states.,invocation_monitor_time,SUMMARY,18000000000,policy-warm-mz,2019-11-09 13:25:28.246031898
1271,3222,29419,46045,70718,1.0359596e+08,,,,,,,,Statistics of scheduler evaluations,workflows_scheduler_eval_time,SUMMARY,18000000000,policy-warm-mz,2019-11-09 13:25:31.246083451
1272,1080,2.66886164e+08,4.21827405e+08,,2.59124445847e+11,queued,7.701571e+06,7.720932e+06,2.1824253e+07,1.13306983e+08,3.7581887e+08,4.94253589e+08,Duration of an invocation in various states.,invocation_monitor_time,SUMMARY,18000000000,policy-warm-mz,2019-11-09 13:25:31.246083451
1273,2,2.1018529427e+10,2.1018529427e+10,,4.2233399133e+10,running,2.1018529427e+10,2.1018529427e+10,2.1018529427e+10,2.1018529427e+10,2.1018529427e+10,2.1214869706e+10,Duration of an invocation in various states.,invocation_monitor_time,SUMMARY,18000000000,policy-warm-mz,2019-11-09 13:25:31.246083451
1274,3222,29419,46045,70718,1.0359596e+08,,,,,,,,Statistics of scheduler evaluations,workflows_scheduler_eval_time,SUMMARY,18000000000,policy-warm-mz,2019-11-09 13:25:34.246035551
1275,1080,2.66886164e+08,4.21827405e+08,,2.59124445847e+11,queued,7.701571e+06,7.720932e+06,2.1824253e+07,1.13306983e+08,3.7581887e+08,4.94253589e+08,Duration of an invocation in various states.,invocation_monitor_time,SUMMARY,18000000000,policy-warm-mz,2019-11-09 13:25:34.246035551
1276,2,2.1018529427e+10,2.1018529427e+10,,4.2233399133e+10,running,2.1018529427e+10,2.1018529427e+10,2.1018529427e+10,2.1018529427e+10,2.1018529427e+10,2.1214869706e+10,Duration of an invocation in various states.,invocation_monitor_time,SUMMARY,18000000000,policy-warm-mz,2019-11-09 13:25:34.246035551
1277,3222,29419,46045,70718,1.0359596e+08,,,,,,,,Statistics of scheduler evaluations,workflows_scheduler_eval_time,SUMMARY,18000000000,policy-warm-mz,2019-11-09 13:25:37.246079004
1278,1080,2.66886164e+08,4.21827405e+08,,2.59124445847e+11,queued,7.701571e+06,7.720932e+06,2.1824253e+07,1.13306983e+08,3.7581887e+08,4.94253589e+08,Duration of an invocation in various states.,invocation_monitor_time,SUMMARY,18000000000,policy-warm-mz,2019-11-09 13:25:37.246079004
1279,2,2.1018529427e+10,2.1018529427e+10,,4.2233399133e+10,running,2.1018529427e+10,2.1018529427e+10,2.1018529427e+10,2.1018529427e+10,2.1018529427e+10,2.1214869706e+10,Duration of an invocation in various states.,invocation_monitor_time,SUMMARY,18000000000,policy-warm-mz,2019-11-09 13:25:37.246079004
1280,3222,29419,46045,70718,1.0359596e+08,,,,,,,,Statistics of scheduler evaluations,workflows_scheduler_eval_time,SUMMARY,18000000000,policy-warm-mz,2019-11-09 13:25:40.246124221
1281,1080,2.66886164e+08,4.21827405e+08,,2.59124445847e+11,queued,7.701571e+06,7.720932e+06,2.1824253e+07,1.13306983e+08,3.7581887e+08,4.94253589e+08,Duration of an invocation in various states.,invocation_monitor_time,SUMMARY,18000000000,policy-warm-mz,2019-11-09 13:25:40.246124221
1282,2,2.1018529427e+10,2.1018529427e+10,,4.2233399133e+10,running,2.1018529427e+10,2.1018529427e+10,2.1018529427e+10,2.1018529427e+10,2.1018529427e+10,2.1214869706e+10,Duration of an invocation in various states.,invocation_monitor_time,SUMMARY,18000000000,policy-warm-mz,2019-11-09 13:25:40.246124221
1283,3226,29419,46045,70718,1.03711852e+08,,,,,,,,Statistics of scheduler evaluations,workflows_scheduler_eval_time,SUMMARY,18000000000,policy-warm-mz,2019-11-09 13:25:43.246135162
1284,1080,2.66886164e+08,4.21827405e+08,,2.59124445847e+11,queued,7.701571e+06,7.720932e+06,2.1824253e+07,1.13306983e+08,3.7581887e+08,4.94253589e+08,Duration of an invocation in various states.,invocation_monitor_time,SUMMARY,18000000000,policy-warm-mz,2019-11-09 13:25:43.246135162
1285,2,2.1018529427e+10,2.1018529427e+10,,4.2233399133e+10,running,2.1018529427e+10,2.1018529427e+10,2.1018529427e+10,2.1018529427e+10,2.1018529427e+10,2.1214869706e+10,Duration of an invocation in various states.,invocation_monitor_time,SUMMARY,18000000000,policy-warm-mz,2019-11-09 13:25:43.246135162
1286,3234,29419,46045,70718,1.03932853e+08,,,,,,,,Statistics of scheduler evaluations,workflows_scheduler_eval_time,SUMMARY,18000000000,policy-warm-mz,2019-11-09 13:25:46.246071318
1287,1080,2.66886164e+08,4.21827405e+08,,2.59124445847e+11,queued,7.701571e+06,7.720932e+06,2.1824253e+07,1.13306983e+08,3.7581887e+08,4.94253589e+08,Duration of an invocation in various states.,invocation_monitor_time,SUMMARY,18000000000,policy-warm-mz,2019-11-09 13:25:46.246071318
1288,9,3.9214432251e+10,3.9413935219e+10,,3.17142970879e+11,running,2.1018529427e+10,2.1018529427e+10,2.1018529427e+10,2.1214869706e+10,3.9317335302e+10,3.9416081744e+10,Duration of an invocation in various states.,invocation_monitor_time,SUMMARY,18000000000,policy-warm-mz,2019-11-09 13:25:46.246071318
1289,3240,29419,46045,70718,1.04095618e+08,,,,,,,,Statistics of scheduler evaluations,workflows_scheduler_eval_time,SUMMARY,18000000000,policy-warm-mz,2019-11-09 13:25:49.246028108
1290,1080,2.66886164e+08,4.21827405e+08,,2.59124445847e+11,queued,7.701571e+06,7.720932e+06,2.1824253e+07,1.13306983e+08,3.7581887e+08,4.94253589e+08,Duration of an invocation in various states.,invocation_monitor_time,SUMMARY,18000000000,policy-warm-mz,2019-11-09 13:25:49.246028108
1291,15,3.9214432251e+10,3.9413935219e+10,,5.5234473603e+11,running,2.1018529427e+10,2.1018529427e+10,2.1018529427e+10,3.9015090934e+10,3.9317470712e+10,3.9416081744e+10,Duration of an invocation in various states.,invocation_monitor_time,SUMMARY,18000000000,policy-warm-mz,2019-11-09 13:25:49.246028108
1292,3240,29419,46045,70718,1.04095618e+08,,,,,,,,Statistics of scheduler evaluations,workflows_scheduler_eval_time,SUMMARY,18000000000,policy-warm-mz,2019-11-09 13:25:52.246013700
1293,1080,2.66886164e+08,4.21827405e+08,,2.59124445847e+11,queued,7.701571e+06,7.720932e+06,2.1824253e+07,1.13306983e+08,3.7581887e+08,4.94253589e+08,Duration of an invocation in various states.,invocation_monitor_time,SUMMARY,18000000000,policy-warm-mz,2019-11-09 13:25:52.246013700
1294,15,3.9214432251e+10,3.9413935219e+10,,5.5234473603e+11,running,2.1018529427e+10,2.1018529427e+10,2.1018529427e+10,3.9015090934e+10,3.9317470712e+10,3.9416081744e+10,Duration of an invocation in various states.,invocation_monitor_time,SUMMARY,18000000000,policy-warm-mz,2019-11-09 13:25:52.246013700
1295,3240,29419,46045,70718,1.04095618e+08,,,,,,,,Statistics of scheduler evaluations,workflows_scheduler_eval_time,SUMMARY,18000000000,policy-warm-mz,2019-11-09 13:25:55.246022587
1296,1080,2.66886164e+08,4.21827405e+08,,2.59124445847e+11,queued,7.701571e+06,7.720932e+06,2.1824253e+07,1.13306983e+08,3.7581887e+08,4.94253589e+08,Duration of an invocation in various states.,invocation_monitor_time,SUMMARY,18000000000,policy-warm-mz,2019-11-09 13:25:55.246022587
1297,15,3.9214432251e+10,3.9413935219e+10,,5.5234473603e+11,running,2.1018529427e+10,2.1018529427e+10,2.1018529427e+10,3.9015090934e+10,3.9317470712e+10,3.9416081744e+10,Duration of an invocation in various states.,invocation_monitor_time,SUMMARY,18000000000,policy-warm-mz,2019-11-09 13:25:55.246022587
1298,3240,29419,46045,70718,1.04095618e+08,,,,,,,,Statistics of scheduler evaluations,workflows_scheduler_eval_time,SUMMARY,18000000000,policy-warm-mz,2019-11-09 13:25:58.246035059
1299,1080,2.66886164e+08,4.21827405e+08,,2.59124445847e+11,queued,7.701571e+06,7.720932e+06,2.1824253e+07,1.13306983e+08,3.7581887e+08,4.94253589e+08,Duration of an invocation in various states.,invocation_monitor_time,SUMMARY,18000000000,policy-warm-mz,2019-11-09 13:25:58.246035059
1300,15,3.9214432251e+10,3.9413935219e+10,,5.5234473603e+11,running,2.1018529427e+10,2.1018529427e+10,2.1018529427e+10,3.9015090934e+10,3.9317470712e+10,3.9416081744e+10,Duration of an invocation in various states.,invocation_monitor_time,SUMMARY,18000000000,policy-warm-mz,2019-11-09 13:25:58.246035059
1301,3240,29419,46045,70718,1.04095618e+08,,,,,,,,Statistics of scheduler evaluations,workflows_scheduler_eval_time,SUMMARY,18000000000,policy-warm-mz,2019-11-09 13:26:01.246032005
1302,1080,2.66886164e+08,4.21827405e+08,,2.59124445847e+11,queued,7.701571e+06,7.720932e+06,2.1824253e+07,1.13306983e+08,3.7581887e+08,4.94253589e+08,Duration of an invocation in various states.,invocation_monitor_time,SUMMARY,18000000000,policy-warm-mz,2019-11-09 13:26:01.246032005
1303,15,3.9214432251e+10,3.9413935219e+10,,5.5234473603e+11,running,2.1018529427e+10,2.1018529427e+10,2.1018529427e+10,3.9015090934e+10,3.9317470712e+10,3.9416081744e+10,Duration of an invocation in various states.,invocation_monitor_time,SUMMARY,18000000000,policy-warm-mz,2019-11-09 13:26:01.246032005
1304,3240,29419,46045,70718,1.04095618e+08,,,,,,,,Statistics of scheduler evaluations,workflows_scheduler_eval_time,SUMMARY,18000000000,policy-warm-mz,2019-11-09 13:26:04.246024457
1305,1080,2.66886164e+08,4.21827405e+08,,2.59124445847e+11,queued,7.701571e+06,7.720932e+06,2.1824253e+07,1.13306983e+08,3.7581887e+08,4.94253589e+08,Duration of an invocation in various states.,invocation_monitor_time,SUMMARY,18000000000,policy-warm-mz,2019-11-09 13:26:04.246024457
1306,23,3.9317470712e+10,5.7225488052e+10,,1.010185969023e+12,running,2.1018529427e+10,2.1018529427e+10,2.1214869706e+10,3.9118376211e+10,5.7121296824e+10,5.7485307461e+10,Duration of an invocation in various states.,invocation_monitor_time,SUMMARY,18000000000,policy-warm-mz,2019-11-09 13:26:04.246024457
1307,3240,29419,46045,70718,1.04095618e+08,,,,,,,,Statistics of scheduler evaluations,workflows_scheduler_eval_time,SUMMARY,18000000000,policy-warm-mz,2019-11-09 13:26:07.246006038
1308,1080,2.66886164e+08,4.21827405e+08,,2.59124445847e+11,queued,7.701571e+06,7.720932e+06,2.1824253e+07,1.13306983e+08,3.7581887e+08,4.94253589e+08,Duration of an invocation in various states.,invocation_monitor_time,SUMMARY,18000000000,policy-warm-mz,2019-11-09 13:26:07.246006038
1309,30,3.9416081744e+10,5.7416352645e+10,,1.410914186278e+12,running,2.1018529427e+10,2.1018529427e+10,3.9015090934e+10,3.9214432251e+10,5.7216685401e+10,5.7485307461e+10,Duration of an invocation in various states.,invocation_monitor_time,SUMMARY,18000000000,policy-warm-mz,2019-11-09 13:26:07.246006038
1310,3347,29752,46030,72091,1.07462473e+08,,,,,,,,Statistics of scheduler evaluations,workflows_scheduler_eval_time,SUMMARY,19000000000,policy-warm-mz,2019-11-09 13:27:19.753512355
1311,1126,2.53190017e+08,4.53174757e+08,,2.70272271777e+11,queued,5.951797e+06,6.157776e+06,1.7432486e+07,1.13187504e+08,3.73695521e+08,4.8350195e+08,Duration of an invocation in various states.,invocation_monitor_time,SUMMARY,19000000000,policy-warm-mz,2019-11-09 13:27:19.753512355
1312,3367,29752,46030,72091,1.08093506e+08,,,,,,,,Statistics of scheduler evaluations,workflows_scheduler_eval_time,SUMMARY,19000000000,policy-warm-mz,2019-11-09 13:27:22.753540680
1313,1140,2.53178618e+08,4.17447163e+08,,2.73357067168e+11,queued,5.951797e+06,6.067952e+06,1.7432486e+07,1.10247111e+08,3.73688496e+08,4.8350195e+08,Duration of an invocation in various states.,invocation_monitor_time,SUMMARY,19000000000,policy-warm-mz,2019-11-09 13:27:22.753540680
1314,3367,29752,46030,72091,1.08093506e+08,,,,,,,,Statistics of scheduler evaluations,workflows_scheduler_eval_time,SUMMARY,19000000000,policy-warm-mz,2019-11-09 13:27:25.753565646
1315,1140,2.53178618e+08,4.17447163e+08,,2.73357067168e+11,queued,5.951797e+06,6.067952e+06,1.7432486e+07,1.10247111e+08,3.73688496e+08,4.8350195e+08,Duration of an invocation in various states.,invocation_monitor_time,SUMMARY,19000000000,policy-warm-mz,2019-11-09 13:27:25.753565646
1316,3367,29752,46030,72091,1.08093506e+08,,,,,,,,Statistics of scheduler evaluations,workflows_scheduler_eval_time,SUMMARY,19000000000,policy-warm-mz,2019-11-09 13:27:28.753537647
1317,1140,2.53178618e+08,4.17447163e+08,,2.73357067168e+11,queued,5.951797e+06,6.067952e+06,1.7432486e+07,1.10247111e+08,3.73688496e+08,4.8350195e+08,Duration of an invocation in various states.,invocation_monitor_time,SUMMARY,19000000000,policy-warm-mz,2019-11-09 13:27:28.753537647
1318,3367,29752,46030,72091,1.08093506e+08,,,,,,,,Statistics of scheduler evaluations,workflows_scheduler_eval_time,SUMMARY,19000000000,policy-warm-mz,2019-11-09 13:27:31.753532980
1319,1140,2.53178618e+08,4.17447163e+08,,2.73357067168e+11,queued,5.951797e+06,6.067952e+06,1.7432486e+07,1.10247111e+08,3.73688496e+08,4.8350195e+08,Duration of an invocation in various states.,invocation_monitor_time,SUMMARY,19000000000,policy-warm-mz,2019-11-09 13:27:31.753532980
1320,3367,29752,46030,72091,1.08093506e+08,,,,,,,,Statistics of scheduler evaluations,workflows_scheduler_eval_time,SUMMARY,19000000000,policy-warm-mz,2019-11-09 13:27:34.753536053
1321,1140,2.53178618e+08,4.17447163e+08,,2.73357067168e+11,queued,5.951797e+06,6.067952e+06,1.7432486e+07,1.10247111e+08,3.73688496e+08,4.8350195e+08,Duration of an invocation in various states.,invocation_monitor_time,SUMMARY,19000000000,policy-warm-mz,2019-11-09 13:27:34.753536053
1322,3372,29752,46030,72907,1.08324887e+08,,,,,,,,Statistics of scheduler evaluations,workflows_scheduler_eval_time,SUMMARY,19000000000,policy-warm-mz,2019-11-09 13:27:37.753531974
1323,1140,2.53178618e+08,4.17447163e+08,,2.73357067168e+11,queued,5.951797e+06,6.067952e+06,1.7432486e+07,1.10247111e+08,3.73688496e+08,4.8350195e+08,Duration of an invocation in various states.,invocation_monitor_time,SUMMARY,19000000000,policy-warm-mz,2019-11-09 13:27:37.753531974
1324,3391,29752,46030,72907,1.08903245e+08,,,,,,,,Statistics of scheduler evaluations,workflows_scheduler_eval_time,SUMMARY,19000000000,policy-warm-mz,2019-11-09 13:27:40.753529882
1325,1140,2.53178618e+08,4.17447163e+08,,2.73357067168e+11,queued,5.951797e+06,6.067952e+06,1.7432486e+07,1.10247111e+08,3.73688496e+08,4.8350195e+08,Duration of an invocation in various states.,invocation_monitor_time,SUMMARY,19000000000,policy-warm-mz,2019-11-09 13:27:40.753529882
1326,3402,29752,46030,72907,1.09224036e+08,,,,,,,,Statistics of scheduler evaluations,workflows_scheduler_eval_time,SUMMARY,19000000000,policy-warm-mz,2019-11-09 13:27:43.753521962
1327,1140,2.53178618e+08,4.17447163e+08,,2.73357067168e+11,queued,5.951797e+06,6.067952e+06,1.7432486e+07,1.10247111e+08,3.73688496e+08,4.8350195e+08,Duration of an invocation in various states.,invocation_monitor_time,SUMMARY,19000000000,policy-warm-mz,2019-11-09 13:27:43.753521962
1328,3402,29752,46030,72907,1.09224036e+08,,,,,,,,Statistics of scheduler evaluations,workflows_scheduler_eval_time,SUMMARY,19000000000,policy-warm-mz,2019-11-09 13:27:46.753524687
1329,1140,2.53178618e+08,4.17447163e+08,,2.73357067168e+11,queued,5.951797e+06,6.067952e+06,1.7432486e+07,1.10247111e+08,3.73688496e+08,4.8350195e+08,Duration of an invocation in various states.,invocation_monitor_time,SUMMARY,19000000000,policy-warm-mz,2019-11-09 13:27:46.753524687
1330,3402,29752,46030,72907,1.09224036e+08,,,,,,,,Statistics of scheduler evaluations,workflows_scheduler_eval_time,SUMMARY,19000000000,policy-warm-mz,2019-11-09 13:27:49.753565959
1331,1140,2.53178618e+08,4.17447163e+08,,2.73357067168e+11,queued,5.951797e+06,6.067952e+06,1.7432486e+07,1.10247111e+08,3.73688496e+08,4.8350195e+08,Duration of an invocation in various states.,invocation_monitor_time,SUMMARY,19000000000,policy-warm-mz,2019-11-09 13:27:49.753565959
1332,3402,29752,46030,72907,1.09224036e+08,,,,,,,,Statistics of scheduler evaluations,workflows_scheduler_eval_time,SUMMARY,19000000000,policy-warm-mz,2019-11-09 13:27:52.753525153
1333,1140,2.53178618e+08,4.17447163e+08,,2.73357067168e+11,queued,5.951797e+06,6.067952e+06,1.7432486e+07,1.10247111e+08,3.73688496e+08,4.8350195e+08,Duration of an invocation in various states.,invocation_monitor_time,SUMMARY,19000000000,policy-warm-mz,2019-11-09 13:27:52.753525153
1334,3402,29752,46030,72907,1.09224036e+08,,,,,,,,Statistics of scheduler evaluations,workflows_scheduler_eval_time,SUMMARY,19000000000,policy-warm-mz,2019-11-09 13:27:55.753567581
1335,1140,2.53178618e+08,4.17447163e+08,,2.73357067168e+11,queued,5.951797e+06,6.067952e+06,1.7432486e+07,1.10247111e+08,3.73688496e+08,4.8350195e+08,Duration of an invocation in various states.,invocation_monitor_time,SUMMARY,19000000000,policy-warm-mz,2019-11-09 13:27:55.753567581
1336,3409,29752,46030,72907,1.09446251e+08,,,,,,,,Statistics of scheduler evaluations,workflows_scheduler_eval_time,SUMMARY,19000000000,policy-warm-mz,2019-11-09 13:27:58.753545223
1337,1140,2.53178618e+08,4.17447163e+08,,2.73357067168e+11,queued,5.951797e+06,6.067952e+06,1.7432486e+07,1.10247111e+08,3.73688496e+08,4.8350195e+08,Duration of an invocation in various states.,invocation_monitor_time,SUMMARY,19000000000,policy-warm-mz,2019-11-09 13:27:58.753545223
1338,2,4.1117113751e+10,4.1117113751e+10,,8.2586511183e+10,running,4.1117113751e+10,4.1117113751e+10,4.1117113751e+10,4.1117113751e+10,4.1117113751e+10,4.1469397432e+10,Duration of an invocation in various states.,invocation_monitor_time,SUMMARY,19000000000,policy-warm-mz,2019-11-09 13:27:58.753545223
1339,3417,29752,46030,72907,1.09656798e+08,,,,,,,,Statistics of scheduler evaluations,workflows_scheduler_eval_time,SUMMARY,19000000000,policy-warm-mz,2019-11-09 13:28:01.753558700
1340,1140,2.53178618e+08,4.17447163e+08,,2.73357067168e+11,queued,5.951797e+06,6.067952e+06,1.7432486e+07,1.10247111e+08,3.73688496e+08,4.8350195e+08,Duration of an invocation in various states.,invocation_monitor_time,SUMMARY,19000000000,policy-warm-mz,2019-11-09 13:28:01.753558700
1341,9,4.1117113751e+10,4.1417409398e+10,,3.71290364148e+11,running,4.1012419357e+10,4.1012419357e+10,4.1012419357e+10,4.1014229756e+10,4.1412921309e+10,4.1469397432e+10,Duration of an invocation in various states.,invocation_monitor_time,SUMMARY,19000000000,policy-warm-mz,2019-11-09 13:28:01.753558700
1342,3420,29752,46030,72907,1.0974058e+08,,,,,,,,Statistics of scheduler evaluations,workflows_scheduler_eval_time,SUMMARY,19000000000,policy-warm-mz,2019-11-09 13:28:04.753585878
1343,1140,2.53178618e+08,4.17447163e+08,,2.73357067168e+11,queued,5.951797e+06,6.067952e+06,1.7432486e+07,1.10247111e+08,3.73688496e+08,4.8350195e+08,Duration of an invocation in various states.,invocation_monitor_time,SUMMARY,19000000000,policy-warm-mz,2019-11-09 13:28:04.753585878
1344,14,4.1212689438e+10,4.1413823667e+10,,5.77262632406e+11,running,4.1012419357e+10,4.1012419357e+10,4.1012419357e+10,4.1014229756e+10,4.1412921309e+10,4.1469397432e+10,Duration of an invocation in various states.,invocation_monitor_time,SUMMARY,19000000000,policy-warm-mz,2019-11-09 13:28:04.753585878
1345,3420,29752,46030,72907,1.0974058e+08,,,,,,,,Statistics of scheduler evaluations,workflows_scheduler_eval_time,SUMMARY,19000000000,policy-warm-mz,2019-11-09 13:28:07.753542256
1346,1140,2.53178618e+08,4.17447163e+08,,2.73357067168e+11,queued,5.951797e+06,6.067952e+06,1.7432486e+07,1.10247111e+08,3.73688496e+08,4.8350195e+08,Duration of an invocation in various states.,invocation_monitor_time,SUMMARY,19000000000,policy-warm-mz,2019-11-09 13:28:07.753542256
1347,14,4.1212689438e+10,4.1413823667e+10,,5.77262632406e+11,running,4.1012419357e+10,4.1012419357e+10,4.1012419357e+10,4.1014229756e+10,4.1412921309e+10,4.1469397432e+10,Duration of an invocation in various states.,invocation_monitor_time,SUMMARY,19000000000,policy-warm-mz,2019-11-09 13:28:07.753542256
1348,3420,29752,46030,72907,1.0974058e+08,,,,,,,,Statistics of scheduler evaluations,workflows_scheduler_eval_time,SUMMARY,19000000000,policy-warm-mz,2019-11-09 13:28:10.753552285
1349,1140,2.53178618e+08,4.17447163e+08,,2.73357067168e+11,queued,5.951797e+06,6.067952e+06,1.7432486e+07,1.10247111e+08,3.73688496e+08,4.8350195e+08,Duration of an invocation in various states.,invocation_monitor_time,SUMMARY,19000000000,policy-warm-mz,2019-11-09 13:28:10.753552285
1350,14,4.1212689438e+10,4.1413823667e+10,,5.77262632406e+11,running,4.1012419357e+10,4.1012419357e+10,4.1012419357e+10,4.1014229756e+10,4.1412921309e+10,4.1469397432e+10,Duration of an invocation in various states.,invocation_monitor_time,SUMMARY,19000000000,policy-warm-mz,2019-11-09 13:28:10.753552285
1351,3420,29752,46030,72907,1.0974058e+08,,,,,,,,Statistics of scheduler evaluations,workflows_scheduler_eval_time,SUMMARY,19000000000,policy-warm-mz,2019-11-09 13:28:13.753580713
1352,1140,2.53178618e+08,4.17447163e+08,,2.73357067168e+11,queued,5.951797e+06,6.067952e+06,1.7432486e+07,1.10247111e+08,3.73688496e+08,4.8350195e+08,Duration of an invocation in various states.,invocation_monitor_time,SUMMARY,19000000000,policy-warm-mz,2019-11-09 13:28:13.753580713
1353,14,4.1212689438e+10,4.1413823667e+10,,5.77262632406e+11,running,4.1012419357e+10,4.1012419357e+10,4.1012419357e+10,4.1014229756e+10,4.1412921309e+10,4.1469397432e+10,Duration of an invocation in various states.,invocation_monitor_time,SUMMARY,19000000000,policy-warm-mz,2019-11-09 13:28:13.753580713
1354,3420,29752,46030,72907,1.0974058e+08,,,,,,,,Statistics of scheduler evaluations,workflows_scheduler_eval_time,SUMMARY,19000000000,policy-warm-mz,2019-11-09 13:28:16.753545052
1355,1140,2.53178618e+08,4.17447163e+08,,2.73357067168e+11,queued,5.951797e+06,6.067952e+06,1.7432486e+07,1.10247111e+08,3.73688496e+08,4.8350195e+08,Duration of an invocation in various states.,invocation_monitor_time,SUMMARY,19000000000,policy-warm-mz,2019-11-09 13:28:16.753545052
1356,14,4.1212689438e+10,4.1413823667e+10,,5.77262632406e+11,running,4.1012419357e+10,4.1012419357e+10,4.1012419357e+10,4.1014229756e+10,4.1412921309e+10,4.1469397432e+10,Duration of an invocation in various states.,invocation_monitor_time,SUMMARY,19000000000,policy-warm-mz,2019-11-09 13:28:16.753545052
1357,3420,29752,46030,72907,1.0974058e+08,,,,,,,,Statistics of scheduler evaluations,workflows_scheduler_eval_time,SUMMARY,19000000000,policy-warm-mz,2019-11-09 13:28:19.753538327
1358,1140,2.53178618e+08,4.17447163e+08,,2.73357067168e+11,queued,5.951797e+06,6.067952e+06,1.7432486e+07,1.10247111e+08,3.73688496e+08,4.8350195e+08,Duration of an invocation in various states.,invocation_monitor_time,SUMMARY,19000000000,policy-warm-mz,2019-11-09 13:28:19.753538327
1359,23,4.1413433078e+10,6.0214757001e+10,,1.119113865061e+12,running,4.1012419357e+10,4.1012419357e+10,4.1013766019e+10,4.1116423596e+10,6.0120714229e+10,6.0414750153e+10,Duration of an invocation in various states.,invocation_monitor_time,SUMMARY,19000000000,policy-warm-mz,2019-11-09 13:28:19.753538327
1360,3420,29752,46030,72907,1.0974058e+08,,,,,,,,Statistics of scheduler evaluations,workflows_scheduler_eval_time,SUMMARY,19000000000,policy-warm-mz,2019-11-09 13:28:22.753514605
1361,1140,2.53178618e+08,4.17447163e+08,,2.73357067168e+11,queued,5.951797e+06,6.067952e+06,1.7432486e+07,1.10247111e+08,3.73688496e+08,4.8350195e+08,Duration of an invocation in various states.,invocation_monitor_time,SUMMARY,19000000000,policy-warm-mz,2019-11-09 13:28:22.753514605
1362,30,6.0014354707e+10,6.0321098541e+10,,1.5409454046e+12,running,4.1012419357e+10,4.1012419357e+10,4.1014229756e+10,4.1212689438e+10,6.0214624594e+10,6.0414750153e+10,Duration of an invocation in various states.,invocation_monitor_time,SUMMARY,19000000000,policy-warm-mz,2019-11-09 13:28:22.753514605
1363,3526,28575,44810,72091,1.13025157e+08,,,,,,,,Statistics of scheduler evaluations,workflows_scheduler_eval_time,SUMMARY,20000000000,policy-warm-mz,2019-11-09 13:29:37.746038882
1364,1186,2.53190017e+08,4.53211824e+08,,2.84718749637e+11,queued,4.978966e+06,4.99211e+06,1.3403103e+07,1.10171236e+08,3.66976314e+08,4.8350195e+08,Duration of an invocation in various states.,invocation_monitor_time,SUMMARY,20000000000,policy-warm-mz,2019-11-09 13:29:37.746038882
1365,3543,30593,44810,72091,1.13580284e+08,,,,,,,,Statistics of scheduler evaluations,workflows_scheduler_eval_time,SUMMARY,20000000000,policy-warm-mz,2019-11-09 13:29:40.745978561
1366,1200,2.53178618e+08,4.53174757e+08,,2.87788416835e+11,queued,4.965941e+06,4.972926e+06,1.3403103e+07,1.07944432e+08,3.66931195e+08,4.8350195e+08,Duration of an invocation in various states.,invocation_monitor_time,SUMMARY,20000000000,policy-warm-mz,2019-11-09 13:29:40.745978561
1367,3544,30593,44810,72091,1.13609103e+08,,,,,,,,Statistics of scheduler evaluations,workflows_scheduler_eval_time,SUMMARY,20000000000,policy-warm-mz,2019-11-09 13:29:43.745964532
1368,1200,2.53178618e+08,4.53174757e+08,,2.87788416835e+11,queued,4.965941e+06,4.972926e+06,1.3403103e+07,1.07944432e+08,3.66931195e+08,4.8350195e+08,Duration of an invocation in various states.,invocation_monitor_time,SUMMARY,20000000000,policy-warm-mz,2019-11-09 13:29:43.745964532
1369,3544,30593,44810,72091,1.13609103e+08,,,,,,,,Statistics of scheduler evaluations,workflows_scheduler_eval_time,SUMMARY,20000000000,policy-warm-mz,2019-11-09 13:29:46.745941113
1370,1200,2.53178618e+08,4.53174757e+08,,2.87788416835e+11,queued,4.965941e+06,4.972926e+06,1.3403103e+07,1.07944432e+08,3.66931195e+08,4.8350195e+08,Duration of an invocation in various states.,invocation_monitor_time,SUMMARY,20000000000,policy-warm-mz,2019-11-09 13:29:46.745941113
1371,3544,30593,44810,72091,1.13609103e+08,,,,,,,,Statistics of scheduler evaluations,workflows_scheduler_eval_time,SUMMARY,20000000000,policy-warm-mz,2019-11-09 13:29:49.745948259
1372,1200,2.53178618e+08,4.53174757e+08,,2.87788416835e+11,queued,4.965941e+06,4.972926e+06,1.3403103e+07,1.07944432e+08,3.66931195e+08,4.8350195e+08,Duration of an invocation in various states.,invocation_monitor_time,SUMMARY,20000000000,policy-warm-mz,2019-11-09 13:29:49.745948259
1373,3544,30593,44810,72091,1.13609103e+08,,,,,,,,Statistics of scheduler evaluations,workflows_scheduler_eval_time,SUMMARY,20000000000,policy-warm-mz,2019-11-09 13:29:52.745982387
1374,1200,2.53178618e+08,4.53174757e+08,,2.87788416835e+11,queued,4.965941e+06,4.972926e+06,1.3403103e+07,1.07944432e+08,3.66931195e+08,4.8350195e+08,Duration of an invocation in various states.,invocation_monitor_time,SUMMARY,20000000000,policy-warm-mz,2019-11-09 13:29:52.745982387
1375,3544,30593,44810,72091,1.13609103e+08,,,,,,,,Statistics of scheduler evaluations,workflows_scheduler_eval_time,SUMMARY,20000000000,policy-warm-mz,2019-11-09 13:29:55.745968775
1376,1200,2.53178618e+08,4.53174757e+08,,2.87788416835e+11,queued,4.965941e+06,4.972926e+06,1.3403103e+07,1.07944432e+08,3.66931195e+08,4.8350195e+08,Duration of an invocation in various states.,invocation_monitor_time,SUMMARY,20000000000,policy-warm-mz,2019-11-09 13:29:55.745968775
1377,3563,30593,44810,72091,1.14197773e+08,,,,,,,,Statistics of scheduler evaluations,workflows_scheduler_eval_time,SUMMARY,20000000000,policy-warm-mz,2019-11-09 13:29:58.745977060
1378,1200,2.53178618e+08,4.53174757e+08,,2.87788416835e+11,queued,4.965941e+06,4.972926e+06,1.3403103e+07,1.07944432e+08,3.66931195e+08,4.8350195e+08,Duration of an invocation in various states.,invocation_monitor_time,SUMMARY,20000000000,policy-warm-mz,2019-11-09 13:29:58.745977060
1379,3577,30593,44810,71322,1.14612232e+08,,,,,,,,Statistics of scheduler evaluations,workflows_scheduler_eval_time,SUMMARY,20000000000,policy-warm-mz,2019-11-09 13:30:01.745959402
1380,1200,2.53178618e+08,4.53174757e+08,,2.87788416835e+11,queued,4.965941e+06,4.972926e+06,1.3403103e+07,1.07944432e+08,3.66931195e+08,4.8350195e+08,Duration of an invocation in various states.,invocation_monitor_time,SUMMARY,20000000000,policy-warm-mz,2019-11-09 13:30:01.745959402
1381,3580,28575,44810,71322,1.14675249e+08,,,,,,,,Statistics of scheduler evaluations,workflows_scheduler_eval_time,SUMMARY,20000000000,policy-warm-mz,2019-11-09 13:30:04.745957315
1382,1200,2.53178618e+08,4.53174757e+08,,2.87788416835e+11,queued,4.965941e+06,4.972926e+06,1.3403103e+07,1.07944432e+08,3.66931195e+08,4.8350195e+08,Duration of an invocation in various states.,invocation_monitor_time,SUMMARY,20000000000,policy-warm-mz,2019-11-09 13:30:04.745957315
1383,2,2.3115725989e+10,2.3115725989e+10,,4.6329007479e+10,running,2.3115725989e+10,2.3115725989e+10,2.3115725989e+10,2.3115725989e+10,2.3115725989e+10,2.321328149e+10,Duration of an invocation in various states.,invocation_monitor_time,SUMMARY,20000000000,policy-warm-mz,2019-11-09 13:30:04.745957315
1384,3580,28575,44810,71322,1.14675249e+08,,,,,,,,Statistics of scheduler evaluations,workflows_scheduler_eval_time,SUMMARY,20000000000,policy-warm-mz,2019-11-09 13:30:07.745983129
1385,1200,2.53178618e+08,4.53174757e+08,,2.87788416835e+11,queued,4.965941e+06,4.972926e+06,1.3403103e+07,1.07944432e+08,3.66931195e+08,4.8350195e+08,Duration of an invocation in various states.,invocation_monitor_time,SUMMARY,20000000000,policy-warm-mz,2019-11-09 13:30:07.745983129
1386,2,2.3115725989e+10,2.3115725989e+10,,4.6329007479e+10,running,2.3115725989e+10,2.3115725989e+10,2.3115725989e+10,2.3115725989e+10,2.3115725989e+10,2.321328149e+10,Duration of an invocation in various states.,invocation_monitor_time,SUMMARY,20000000000,policy-warm-mz,2019-11-09 13:30:07.745983129
1387,3580,28575,44810,71322,1.14675249e+08,,,,,,,,Statistics of scheduler evaluations,workflows_scheduler_eval_time,SUMMARY,20000000000,policy-warm-mz,2019-11-09 13:30:10.745945535
1388,1200,2.53178618e+08,4.53174757e+08,,2.87788416835e+11,queued,4.965941e+06,4.972926e+06,1.3403103e+07,1.07944432e+08,3.66931195e+08,4.8350195e+08,Duration of an invocation in various states.,invocation_monitor_time,SUMMARY,20000000000,policy-warm-mz,2019-11-09 13:30:10.745945535
1389,2,2.3115725989e+10,2.3115725989e+10,,4.6329007479e+10,running,2.3115725989e+10,2.3115725989e+10,2.3115725989e+10,2.3115725989e+10,2.3115725989e+10,2.321328149e+10,Duration of an invocation in various states.,invocation_monitor_time,SUMMARY,20000000000,policy-warm-mz,2019-11-09 13:30:10.745945535
1390,3580,28575,44810,71322,1.14675249e+08,,,,,,,,Statistics of scheduler evaluations,workflows_scheduler_eval_time,SUMMARY,20000000000,policy-warm-mz,2019-11-09 13:30:13.745956209
1391,1200,2.53178618e+08,4.53174757e+08,,2.87788416835e+11,queued,4.965941e+06,4.972926e+06,1.3403103e+07,1.07944432e+08,3.66931195e+08,4.8350195e+08,Duration of an invocation in various states.,invocation_monitor_time,SUMMARY,20000000000,policy-warm-mz,2019-11-09 13:30:13.745956209
1392,2,2.3115725989e+10,2.3115725989e+10,,4.6329007479e+10,running,2.3115725989e+10,2.3115725989e+10,2.3115725989e+10,2.3115725989e+10,2.3115725989e+10,2.321328149e+10,Duration of an invocation in various states.,invocation_monitor_time,SUMMARY,20000000000,policy-warm-mz,2019-11-09 13:30:13.745956209
1393,3580,28575,44810,71322,1.14675249e+08,,,,,,,,Statistics of scheduler evaluations,workflows_scheduler_eval_time,SUMMARY,20000000000,policy-warm-mz,2019-11-09 13:30:16.745977229
1394,1200,2.53178618e+08,4.53174757e+08,,2.87788416835e+11,queued,4.965941e+06,4.972926e+06,1.3403103e+07,1.07944432e+08,3.66931195e+08,4.8350195e+08,Duration of an invocation in various states.,invocation_monitor_time,SUMMARY,20000000000,policy-warm-mz,2019-11-09 13:30:16.745977229
1395,2,2.3115725989e+10,2.3115725989e+10,,4.6329007479e+10,running,2.3115725989e+10,2.3115725989e+10,2.3115725989e+10,2.3115725989e+10,2.3115725989e+10,2.321328149e+10,Duration of an invocation in various states.,invocation_monitor_time,SUMMARY,20000000000,policy-warm-mz,2019-11-09 13:30:16.745977229
1396,3592,28575,44810,71322,1.14953917e+08,,,,,,,,Statistics of scheduler evaluations,workflows_scheduler_eval_time,SUMMARY,20000000000,policy-warm-mz,2019-11-09 13:30:19.745969559
1397,1200,2.53178618e+08,4.53174757e+08,,2.87788416835e+11,queued,4.965941e+06,4.972926e+06,1.3403103e+07,1.07944432e+08,3.66931195e+08,4.8350195e+08,Duration of an invocation in various states.,invocation_monitor_time,SUMMARY,20000000000,policy-warm-mz,2019-11-09 13:30:19.745969559
1398,7,4.3013097516e+10,4.3316307723e+10,,2.62398779107e+11,running,2.3115725989e+10,2.3115725989e+10,2.3115725989e+10,2.3115725989e+10,4.3212393581e+10,4.3412355517e+10,Duration of an invocation in various states.,invocation_monitor_time,SUMMARY,20000000000,policy-warm-mz,2019-11-09 13:30:19.745969559
1399,3600,28575,44810,71322,1.15174418e+08,,,,,,,,Statistics of scheduler evaluations,workflows_scheduler_eval_time,SUMMARY,20000000000,policy-warm-mz,2019-11-09 13:30:22.745955178
1400,1200,2.53178618e+08,4.53174757e+08,,2.87788416835e+11,queued,4.965941e+06,4.972926e+06,1.3403103e+07,1.07944432e+08,3.66931195e+08,4.8350195e+08,Duration of an invocation in various states.,invocation_monitor_time,SUMMARY,20000000000,policy-warm-mz,2019-11-09 13:30:22.745955178
1401,14,4.3115617291e+10,4.3316307723e+10,,5.64692688501e+11,running,2.3115725989e+10,2.3115725989e+10,2.3115725989e+10,4.3011986891e+10,4.3213108834e+10,4.341352872e+10,Duration of an invocation in various states.,invocation_monitor_time,SUMMARY,20000000000,policy-warm-mz,2019-11-09 13:30:22.745955178
1402,3600,28575,44810,71322,1.15174418e+08,,,,,,,,Statistics of scheduler evaluations,workflows_scheduler_eval_time,SUMMARY,20000000000,policy-warm-mz,2019-11-09 13:30:25.745969184
1403,1200,2.53178618e+08,4.53174757e+08,,2.87788416835e+11,queued,4.965941e+06,4.972926e+06,1.3403103e+07,1.07944432e+08,3.66931195e+08,4.8350195e+08,Duration of an invocation in various states.,invocation_monitor_time,SUMMARY,20000000000,policy-warm-mz,2019-11-09 13:30:25.745969184
1404,16,4.3212393581e+10,4.3412355517e+10,,6.51425613909e+11,running,2.3115725989e+10,2.3115725989e+10,2.3115725989e+10,4.301231799e+10,4.3316307723e+10,4.3415477061e+10,Duration of an invocation in various states.,invocation_monitor_time,SUMMARY,20000000000,policy-warm-mz,2019-11-09 13:30:25.745969184
1405,3600,28575,44810,71322,1.15174418e+08,,,,,,,,Statistics of scheduler evaluations,workflows_scheduler_eval_time,SUMMARY,20000000000,policy-warm-mz,2019-11-09 13:30:28.745992657
1406,1200,2.53178618e+08,4.53174757e+08,,2.87788416835e+11,queued,4.965941e+06,4.972926e+06,1.3403103e+07,1.07944432e+08,3.66931195e+08,4.8350195e+08,Duration of an invocation in various states.,invocation_monitor_time,SUMMARY,20000000000,policy-warm-mz,2019-11-09 13:30:28.745992657
1407,16,4.3212393581e+10,4.3412355517e+10,,6.51425613909e+11,running,2.3115725989e+10,2.3115725989e+10,2.3115725989e+10,4.301231799e+10,4.3316307723e+10,4.3415477061e+10,Duration of an invocation in various states.,invocation_monitor_time,SUMMARY,20000000000,policy-warm-mz,2019-11-09 13:30:28.745992657
1408,3600,28575,44810,71322,1.15174418e+08,,,,,,,,Statistics of scheduler evaluations,workflows_scheduler_eval_time,SUMMARY,20000000000,policy-warm-mz,2019-11-09 13:30:31.745963624
1409,1200,2.53178618e+08,4.53174757e+08,,2.87788416835e+11,queued,4.965941e+06,4.972926e+06,1.3403103e+07,1.07944432e+08,3.66931195e+08,4.8350195e+08,Duration of an invocation in various states.,invocation_monitor_time,SUMMARY,20000000000,policy-warm-mz,2019-11-09 13:30:31.745963624
1410,16,4.3212393581e+10,4.3412355517e+10,,6.51425613909e+11,running,2.3115725989e+10,2.3115725989e+10,2.3115725989e+10,4.301231799e+10,4.3316307723e+10,4.3415477061e+10,Duration of an invocation in various states.,invocation_monitor_time,SUMMARY,20000000000,policy-warm-mz,2019-11-09 13:30:31.745963624
1411,3600,28575,44810,71322,1.15174418e+08,,,,,,,,Statistics of scheduler evaluations,workflows_scheduler_eval_time,SUMMARY,20000000000,policy-warm-mz,2019-11-09 13:30:34.745974347
1412,1200,2.53178618e+08,4.53174757e+08,,2.87788416835e+11,queued,4.965941e+06,4.972926e+06,1.3403103e+07,1.07944432e+08,3.66931195e+08,4.8350195e+08,Duration of an invocation in various states.,invocation_monitor_time,SUMMARY,20000000000,policy-warm-mz,2019-11-09 13:30:34.745974347
1413,16,4.3212393581e+10,4.3412355517e+10,,6.51425613909e+11,running,2.3115725989e+10,2.3115725989e+10,2.3115725989e+10,4.301231799e+10,4.3316307723e+10,4.3415477061e+10,Duration of an invocation in various states.,invocation_monitor_time,SUMMARY,20000000000,policy-warm-mz,2019-11-09 13:30:34.745974347
1414,3600,30364,44143,70245,1.15174418e+08,,,,,,,,Statistics of scheduler evaluations,workflows_scheduler_eval_time,SUMMARY,20000000000,policy-warm-mz,2019-11-09 13:30:37.745973331
1415,1200,2.53178618e+08,4.53174757e+08,,2.87788416835e+11,queued,4.965941e+06,4.972926e+06,1.3403103e+07,1.07944432e+08,3.66931195e+08,4.8350195e+08,Duration of an invocation in various states.,invocation_monitor_time,SUMMARY,20000000000,policy-warm-mz,2019-11-09 13:30:37.745973331
1416,16,4.3212393581e+10,4.3412355517e+10,,6.51425613909e+11,running,2.3115725989e+10,2.3115725989e+10,2.3115725989e+10,4.301231799e+10,4.3316307723e+10,4.3415477061e+10,Duration of an invocation in various states.,invocation_monitor_time,SUMMARY,20000000000,policy-warm-mz,2019-11-09 13:30:37.745973331
1417,3600,30364,44143,70245,1.15174418e+08,,,,,,,,Statistics of scheduler evaluations,workflows_scheduler_eval_time,SUMMARY,20000000000,policy-warm-mz,2019-11-09 13:30:40.745954287
1418,1200,2.53178618e+08,4.53174757e+08,,2.87788416835e+11,queued,4.965941e+06,4.972926e+06,1.3403103e+07,1.07944432e+08,3.66931195e+08,4.8350195e+08,Duration of an invocation in various states.,invocation_monitor_time,SUMMARY,20000000000,policy-warm-mz,2019-11-09 13:30:40.745954287
1419,24,4.3316307723e+10,6.3213185404e+10,,1.157121930934e+12,running,2.3115725989e+10,2.3115725989e+10,2.321328149e+10,4.3115116466e+10,6.3013913562e+10,6.34811305e+10,Duration of an invocation in various states.,invocation_monitor_time,SUMMARY,20000000000,policy-warm-mz,2019-11-09 13:30:40.745954287
1420,123,28763,50406,84022,3.95004e+06,,,,,,,,Statistics of scheduler evaluations,workflows_scheduler_eval_time,SUMMARY,1000000000,policy-warm-mz-lru,2019-11-09 15:12:38.428629527
1421,46,2.89871765e+08,4.89884589e+08,,1.295487319e+10,queued,5.2268924e+07,5.2268924e+07,8.9804781e+07,1.52359214e+08,3.89944392e+08,4.90140053e+08,Duration of an invocation in various states.,invocation_monitor_time,SUMMARY,1000000000,policy-warm-mz-lru,2019-11-09 15:12:38.428629527
1422,167,26492,44280,84022,5.025461e+06,,,,,,,,Statistics of scheduler evaluations,workflows_scheduler_eval_time,SUMMARY,1000000000,policy-warm-mz-lru,2019-11-09 15:12:41.428562334
1423,60,2.89853682e+08,4.71494217e+08,,1.6588347068e+10,queued,5.2268924e+07,5.2268924e+07,5.2372704e+07,1.52350703e+08,3.89944392e+08,4.90140053e+08,Duration of an invocation in various states.,invocation_monitor_time,SUMMARY,1000000000,policy-warm-mz-lru,2019-11-09 15:12:41.428562334
1424,16,3.261150531e+09,3.461016505e+09,,5.2385069828e+10,running,3.060479929e+09,3.060479929e+09,3.060479929e+09,3.159022292e+09,3.359431759e+09,3.480499009e+09,Duration of an invocation in various states.,invocation_monitor_time,SUMMARY,1000000000,policy-warm-mz-lru,2019-11-09 15:12:41.428562334
1425,180,26363,45657,84022,5.357245e+06,,,,,,,,Statistics of scheduler evaluations,workflows_scheduler_eval_time,SUMMARY,1000000000,policy-warm-mz-lru,2019-11-09 15:12:44.428595286
1426,60,2.89853682e+08,4.71494217e+08,,1.6588347068e+10,queued,5.2268924e+07,5.2268924e+07,5.2372704e+07,1.52350703e+08,3.89944392e+08,4.90140053e+08,Duration of an invocation in various states.,invocation_monitor_time,SUMMARY,1000000000,policy-warm-mz-lru,2019-11-09 15:12:44.428595286
1427,30,3.260989944e+09,3.461016505e+09,,9.8119352089e+10,running,3.058631059e+09,3.058631059e+09,3.060479929e+09,3.158762676e+09,3.359431759e+09,3.480499009e+09,Duration of an invocation in various states.,invocation_monitor_time,SUMMARY,1000000000,policy-warm-mz-lru,2019-11-09 15:12:44.428595286
1428,303,26898,45708,83380,9.261293e+06,,,,,,,,Statistics of scheduler evaluations,workflows_scheduler_eval_time,SUMMARY,2000000000,policy-warm-mz-lru,2019-11-09 15:13:05.943327854
1429,106,2.82143318e+08,4.82094093e+08,,2.9301062101e+10,queued,5.2268924e+07,5.2268924e+07,8.2165685e+07,1.52378141e+08,3.89899047e+08,4.90140053e+08,Duration of an invocation in various states.,invocation_monitor_time,SUMMARY,2000000000,policy-warm-mz-lru,2019-11-09 15:13:05.943327854
1430,347,26604,45657,83960,1.0437342e+07,,,,,,,,Statistics of scheduler evaluations,workflows_scheduler_eval_time,SUMMARY,2000000000,policy-warm-mz-lru,2019-11-09 15:13:08.943417220
1431,120,2.82131644e+08,4.71494217e+08,,3.3034567022e+10,queued,5.1743088e+07,5.1743088e+07,8.2165685e+07,1.52419779e+08,3.89899047e+08,4.90140053e+08,Duration of an invocation in various states.,invocation_monitor_time,SUMMARY,2000000000,policy-warm-mz-lru,2019-11-09 15:13:08.943417220
1432,16,3.258892195e+09,3.459513285e+09,,5.2363519957e+10,running,3.058584006e+09,3.058584006e+09,3.058584006e+09,3.160560579e+09,3.361611863e+09,3.46440542e+09,Duration of an invocation in various states.,invocation_monitor_time,SUMMARY,2000000000,policy-warm-mz-lru,2019-11-09 15:13:08.943417220
1433,360,26458,45657,83960,1.0756315e+07,,,,,,,,Statistics of scheduler evaluations,workflows_scheduler_eval_time,SUMMARY,2000000000,policy-warm-mz-lru,2019-11-09 15:13:11.943397712
1434,120,2.82131644e+08,4.71494217e+08,,3.3034567022e+10,queued,5.1743088e+07,5.1743088e+07,8.2165685e+07,1.52419779e+08,3.89899047e+08,4.90140053e+08,Duration of an invocation in various states.,invocation_monitor_time,SUMMARY,2000000000,policy-warm-mz-lru,2019-11-09 15:13:11.943397712
1435,30,3.259047398e+09,3.459513285e+09,,9.8193351814e+10,running,3.058407449e+09,3.058407449e+09,3.058799243e+09,3.159459594e+09,3.361582802e+09,3.46440542e+09,Duration of an invocation in various states.,invocation_monitor_time,SUMMARY,2000000000,policy-warm-mz-lru,2019-11-09 15:13:11.943397712
1436,480,27226,46089,102460,1.5475071e+07,,,,,,,,Statistics of scheduler evaluations,workflows_scheduler_eval_time,SUMMARY,3000000000,policy-warm-mz-lru,2019-11-09 15:13:36.450586551
1437,165,2.81420325e+08,4.80643393e+08,,4.5260458507e+10,queued,5.1743088e+07,5.1743088e+07,8.1336353e+07,1.52438625e+08,3.82238498e+08,4.90140053e+08,Duration of an invocation in various states.,invocation_monitor_time,SUMMARY,3000000000,policy-warm-mz-lru,2019-11-09 15:13:36.450586551
1438,525,27799,45657,113361,1.6586512e+07,,,,,,,,Statistics of scheduler evaluations,workflows_scheduler_eval_time,SUMMARY,3000000000,policy-warm-mz-lru,2019-11-09 15:13:39.450620187
1439,180,2.812993e+08,4.71494217e+08,,4.9048099235e+10,queued,5.1743088e+07,5.1743088e+07,8.1303222e+07,1.5245521e+08,3.82238498e+08,4.90140053e+08,Duration of an invocation in various states.,invocation_monitor_time,SUMMARY,3000000000,policy-warm-mz-lru,2019-11-09 15:13:39.450620187
1440,15,3.258577192e+09,3.456526094e+09,,4.8883483944e+10,running,3.058748114e+09,3.058748114e+09,3.058748114e+09,3.059544604e+09,3.358813466e+09,3.459759238e+09,Duration of an invocation in various states.,invocation_monitor_time,SUMMARY,3000000000,policy-warm-mz-lru,2019-11-09 15:13:39.450620187
1441,540,27799,45657,113361,1.6992639e+07,,,,,,,,Statistics of scheduler evaluations,workflows_scheduler_eval_time,SUMMARY,3000000000,policy-warm-mz-lru,2019-11-09 15:13:42.450643472
1442,180,2.812993e+08,4.71494217e+08,,4.9048099235e+10,queued,5.1743088e+07,5.1743088e+07,8.1303222e+07,1.5245521e+08,3.82238498e+08,4.90140053e+08,Duration of an invocation in various states.,invocation_monitor_time,SUMMARY,3000000000,policy-warm-mz-lru,2019-11-09 15:13:42.450643472
1443,30,3.259096967e+09,3.45908967e+09,,9.7781160225e+10,running,3.058748114e+09,3.058748114e+09,3.059544604e+09,3.158068957e+09,3.358915849e+09,3.460492152e+09,Duration of an invocation in various states.,invocation_monitor_time,SUMMARY,3000000000,policy-warm-mz-lru,2019-11-09 15:13:42.450643472
1444,663,27799,46332,106720,2.1064426e+07,,,,,,,,Statistics of scheduler evaluations,workflows_scheduler_eval_time,SUMMARY,4000000000,policy-warm-mz-lru,2019-11-09 15:14:09.966676581
1445,226,2.71666212e+08,4.71651094e+08,,6.1419557385e+10,queued,5.1743088e+07,5.2268924e+07,7.165499e+07,1.5245521e+08,3.82169292e+08,4.90140053e+08,Duration of an invocation in various states.,invocation_monitor_time,SUMMARY,4000000000,policy-warm-mz-lru,2019-11-09 15:14:09.966676581
1446,707,27799,45657,102460,2.2258591e+07,,,,,,,,Statistics of scheduler evaluations,workflows_scheduler_eval_time,SUMMARY,4000000000,policy-warm-mz-lru,2019-11-09 15:14:12.966634435
1447,240,2.71643614e+08,4.71494217e+08,,6.5154159923e+10,queued,5.1743088e+07,5.2268924e+07,7.165499e+07,1.52470485e+08,3.82169292e+08,4.90140053e+08,Duration of an invocation in various states.,invocation_monitor_time,SUMMARY,4000000000,policy-warm-mz-lru,2019-11-09 15:14:12.966634435
1448,16,3.261277094e+09,3.461015043e+09,,5.2353646346e+10,running,3.060605987e+09,3.060605987e+09,3.060605987e+09,3.159299271e+09,3.3604843e+09,3.4624264e+09,Duration of an invocation in various states.,invocation_monitor_time,SUMMARY,4000000000,policy-warm-mz-lru,2019-11-09 15:14:12.966634435
1449,840,27799,45657,97237,2.6541349e+07,,,,,,,,Statistics of scheduler evaluations,workflows_scheduler_eval_time,SUMMARY,5000000000,policy-warm-mz-lru,2019-11-09 15:14:46.462193008
1450,285,2.71666212e+08,4.71651094e+08,,7.7416805184e+10,queued,5.1743088e+07,5.2268924e+07,7.1656047e+07,1.52472018e+08,3.82275019e+08,4.90140053e+08,Duration of an invocation in various states.,invocation_monitor_time,SUMMARY,5000000000,policy-warm-mz-lru,2019-11-09 15:14:46.462193008
1451,885,27799,45657,97237,2.7767456e+07,,,,,,,,Statistics of scheduler evaluations,workflows_scheduler_eval_time,SUMMARY,5000000000,policy-warm-mz-lru,2019-11-09 15:14:49.462258673
1452,300,2.71643614e+08,4.71494217e+08,,8.1204358131e+10,queued,5.1743088e+07,5.2340638e+07,7.165499e+07,1.52470485e+08,3.82275019e+08,4.90140053e+08,Duration of an invocation in various states.,invocation_monitor_time,SUMMARY,5000000000,policy-warm-mz-lru,2019-11-09 15:14:49.462258673
1453,15,3.259030897e+09,3.445364825e+09,,4.8881307469e+10,running,3.059241862e+09,3.059241862e+09,3.059241862e+09,3.059918212e+09,3.359684211e+09,3.460464504e+09,Duration of an invocation in various states.,invocation_monitor_time,SUMMARY,5000000000,policy-warm-mz-lru,2019-11-09 15:14:49.462258673
1454,1023,27799,45657,90678,3.1973899e+07,,,,,,,,Statistics of scheduler evaluations,workflows_scheduler_eval_time,SUMMARY,6000000000,policy-warm-mz-lru,2019-11-09 15:15:25.963205484
1455,346,2.71668018e+08,4.71651094e+08,,9.4001865496e+10,queued,5.1743088e+07,5.2340638e+07,7.1656047e+07,1.52471644e+08,3.83019288e+08,4.90140053e+08,Duration of an invocation in various states.,invocation_monitor_time,SUMMARY,6000000000,policy-warm-mz-lru,2019-11-09 15:15:25.963205484
1456,1067,27799,45657,90678,3.3165494e+07,,,,,,,,Statistics of scheduler evaluations,workflows_scheduler_eval_time,SUMMARY,6000000000,policy-warm-mz-lru,2019-11-09 15:15:28.963118977
1457,360,2.71666212e+08,4.71494217e+08,,9.7736458493e+10,queued,5.1743088e+07,5.2340638e+07,7.1656047e+07,1.52471644e+08,3.83019288e+08,4.90140053e+08,Duration of an invocation in various states.,invocation_monitor_time,SUMMARY,6000000000,policy-warm-mz-lru,2019-11-09 15:15:28.963118977
1458,16,3.260085903e+09,3.459385719e+09,,5.2336999264e+10,running,3.059088845e+09,3.059088845e+09,3.059088845e+09,3.158467094e+09,3.359355968e+09,3.459993859e+09,Duration of an invocation in various states.,invocation_monitor_time,SUMMARY,6000000000,policy-warm-mz-lru,2019-11-09 15:15:28.963118977
1459,1200,27799,45657,90678,3.7485629e+07,,,,,,,,Statistics of scheduler evaluations,workflows_scheduler_eval_time,SUMMARY,7000000000,policy-warm-mz-lru,2019-11-09 15:16:08.468861629
1460,405,2.71668018e+08,4.71651094e+08,,1.10059298566e+11,queued,5.1743088e+07,5.2352931e+07,7.1670245e+07,1.52472018e+08,3.85072372e+08,4.90140053e+08,Duration of an invocation in various states.,invocation_monitor_time,SUMMARY,7000000000,policy-warm-mz-lru,2019-11-09 15:16:08.468861629
1461,1245,27799,47870,90678,3.880676e+07,,,,,,,,Statistics of scheduler evaluations,workflows_scheduler_eval_time,SUMMARY,7000000000,policy-warm-mz-lru,2019-11-09 15:16:11.468862640
1462,420,2.71666212e+08,4.71494217e+08,,1.13847968918e+11,queued,5.1743088e+07,5.2352931e+07,7.1656047e+07,1.52477745e+08,3.85072372e+08,4.90140053e+08,Duration of an invocation in various states.,invocation_monitor_time,SUMMARY,7000000000,policy-warm-mz-lru,2019-11-09 15:16:11.468862640
1463,15,3.258813922e+09,3.43791541e+09,,4.8883026759e+10,running,3.058293429e+09,3.058293429e+09,3.058293429e+09,3.059293631e+09,3.36209184e+09,3.459908082e+09,Duration of an invocation in various states.,invocation_monitor_time,SUMMARY,7000000000,policy-warm-mz-lru,2019-11-09 15:16:11.468862640
1464,1383,27799,45657,90498,4.307644e+07,,,,,,,,Statistics of scheduler evaluations,workflows_scheduler_eval_time,SUMMARY,8000000000,policy-warm-mz-lru,2019-11-09 15:16:53.972432221
1465,466,2.71706809e+08,4.71651094e+08,,1.26652845528e+11,queued,5.1743088e+07,5.2352931e+07,7.1670245e+07,1.52485845e+08,3.85204559e+08,4.90140053e+08,Duration of an invocation in various states.,invocation_monitor_time,SUMMARY,8000000000,policy-warm-mz-lru,2019-11-09 15:16:53.972432221
1466,1427,27799,45657,90498,4.434464e+07,,,,,,,,Statistics of scheduler evaluations,workflows_scheduler_eval_time,SUMMARY,8000000000,policy-warm-mz-lru,2019-11-09 15:16:56.972448464
1467,480,2.71668018e+08,4.71494217e+08,,1.30388444438e+11,queued,5.1743088e+07,5.2352931e+07,7.1670245e+07,1.52487884e+08,3.85204559e+08,4.90140053e+08,Duration of an invocation in various states.,invocation_monitor_time,SUMMARY,8000000000,policy-warm-mz-lru,2019-11-09 15:16:56.972448464
1468,16,3.259205312e+09,3.459006469e+09,,5.2319214335e+10,running,3.058315714e+09,3.058315714e+09,3.058315714e+09,3.158840495e+09,3.3593957e+09,3.459333148e+09,Duration of an invocation in various states.,invocation_monitor_time,SUMMARY,8000000000,policy-warm-mz-lru,2019-11-09 15:16:56.972448464
1469,1563,27799,45657,88713,4.8638819e+07,,,,,,,,Statistics of scheduler evaluations,workflows_scheduler_eval_time,SUMMARY,9000000000,policy-warm-mz-lru,2019-11-09 15:17:41.978571979
1470,526,2.812993e+08,4.7168983e+08,,1.43151274047e+11,queued,5.1743088e+07,5.2362046e+07,8.1303222e+07,1.52509485e+08,3.85204559e+08,4.90140053e+08,Duration of an invocation in various states.,invocation_monitor_time,SUMMARY,9000000000,policy-warm-mz-lru,2019-11-09 15:17:41.978571979
1471,1607,27799,45657,90678,5.0472182e+07,,,,,,,,Statistics of scheduler evaluations,workflows_scheduler_eval_time,SUMMARY,9000000000,policy-warm-mz-lru,2019-11-09 15:17:44.978561756
1472,540,2.81247454e+08,4.71651094e+08,,1.46887888649e+11,queued,5.1743088e+07,5.2362046e+07,7.1738924e+07,1.52509485e+08,3.85195319e+08,4.90140053e+08,Duration of an invocation in various states.,invocation_monitor_time,SUMMARY,9000000000,policy-warm-mz-lru,2019-11-09 15:17:44.978561756
1473,16,3.262376658e+09,3.460348507e+09,,5.2340051441e+10,running,3.060775563e+09,3.060775563e+09,3.060775563e+09,3.158528183e+09,3.358883726e+09,3.465250849e+09,Duration of an invocation in various states.,invocation_monitor_time,SUMMARY,9000000000,policy-warm-mz-lru,2019-11-09 15:17:44.978561756
1474,1740,27799,45657,90678,5.527219e+07,,,,,,,,Statistics of scheduler evaluations,workflows_scheduler_eval_time,SUMMARY,10000000000,policy-warm-mz-lru,2019-11-09 15:18:33.481848982
1475,585,2.81420325e+08,4.7168983e+08,,1.59204511149e+11,queued,5.1743088e+07,5.2362046e+07,8.1336353e+07,1.52515512e+08,3.85341818e+08,4.90140053e+08,Duration of an invocation in various states.,invocation_monitor_time,SUMMARY,10000000000,policy-warm-mz-lru,2019-11-09 15:18:33.481848982
1476,1785,27799,45657,90678,5.6449629e+07,,,,,,,,Statistics of scheduler evaluations,workflows_scheduler_eval_time,SUMMARY,10000000000,policy-warm-mz-lru,2019-11-09 15:18:36.481836906
1477,600,2.81247454e+08,4.71651094e+08,,1.62993925575e+11,queued,5.1743088e+07,5.2362046e+07,7.1738924e+07,1.52514382e+08,3.85285745e+08,4.90140053e+08,Duration of an invocation in various states.,invocation_monitor_time,SUMMARY,10000000000,policy-warm-mz-lru,2019-11-09 15:18:36.481836906
1478,15,3.25860384e+09,3.425136165e+09,,4.8855723232e+10,running,3.058721729e+09,3.058721729e+09,3.058721729e+09,3.05937089e+09,3.35946584e+09,3.459766371e+09,Duration of an invocation in various states.,invocation_monitor_time,SUMMARY,10000000000,policy-warm-mz-lru,2019-11-09 15:18:36.481836906
1479,1923,27799,45657,88713,6.0782492e+07,,,,,,,,Statistics of scheduler evaluations,workflows_scheduler_eval_time,SUMMARY,11000000000,policy-warm-mz-lru,2019-11-09 15:19:27.989039590
1480,646,2.81420325e+08,4.7168983e+08,,1.75685309573e+11,queued,5.1743088e+07,5.2372704e+07,8.1336353e+07,1.52524651e+08,3.85258485e+08,4.90140053e+08,Duration of an invocation in various states.,invocation_monitor_time,SUMMARY,11000000000,policy-warm-mz-lru,2019-11-09 15:19:27.989039590
1481,1967,27799,45657,88713,6.192585e+07,,,,,,,,Statistics of scheduler evaluations,workflows_scheduler_eval_time,SUMMARY,11000000000,policy-warm-mz-lru,2019-11-09 15:19:30.989043739
1482,660,2.812993e+08,4.71651094e+08,,1.79421947054e+11,queued,5.1743088e+07,5.2372704e+07,8.1303222e+07,1.52525675e+08,3.85204559e+08,4.90140053e+08,Duration of an invocation in various states.,invocation_monitor_time,SUMMARY,11000000000,policy-warm-mz-lru,2019-11-09 15:19:30.989043739
1483,16,3.258812492e+09,3.45852568e+09,,5.2303717815e+10,running,3.058545898e+09,3.058545898e+09,3.058545898e+09,3.158157148e+09,3.359419283e+09,3.459546479e+09,Duration of an invocation in various states.,invocation_monitor_time,SUMMARY,11000000000,policy-warm-mz-lru,2019-11-09 15:19:30.989043739
1484,2100,27799,45657,88713,6.6463639e+07,,,,,,,,Statistics of scheduler evaluations,workflows_scheduler_eval_time,SUMMARY,12000000000,policy-warm-mz-lru,2019-11-09 15:20:25.492840241
1485,705,2.81420573e+08,4.7168983e+08,,1.91765728892e+11,queued,5.1743088e+07,5.2398054e+07,8.1413894e+07,1.52530528e+08,3.85359694e+08,4.90140053e+08,Duration of an invocation in various states.,invocation_monitor_time,SUMMARY,12000000000,policy-warm-mz-lru,2019-11-09 15:20:25.492840241
1486,2145,27799,45657,88713,6.7727523e+07,,,,,,,,Statistics of scheduler evaluations,workflows_scheduler_eval_time,SUMMARY,12000000000,policy-warm-mz-lru,2019-11-09 15:20:28.492810077
1487,720,2.812993e+08,4.71651094e+08,,1.95555387969e+11,queued,5.1743088e+07,5.2398054e+07,8.1303222e+07,1.52530528e+08,3.85341818e+08,4.90140053e+08,Duration of an invocation in various states.,invocation_monitor_time,SUMMARY,12000000000,policy-warm-mz-lru,2019-11-09 15:20:28.492810077
1488,15,3.258541735e+09,3.414119203e+09,,4.8841207991e+10,running,3.05891841e+09,3.05891841e+09,3.05891841e+09,3.059052904e+09,3.35882535e+09,3.460083023e+09,Duration of an invocation in various states.,invocation_monitor_time,SUMMARY,12000000000,policy-warm-mz-lru,2019-11-09 15:20:28.492810077
1489,2283,28700,45294,88797,7.1872736e+07,,,,,,,,Statistics of scheduler evaluations,workflows_scheduler_eval_time,SUMMARY,13000000000,policy-warm-mz-lru,2019-11-09 15:21:25.995736439
1490,766,2.81420573e+08,4.7168983e+08,,2.08310745564e+11,queued,5.1743088e+07,5.2398054e+07,8.1413894e+07,1.52535361e+08,3.85413358e+08,4.90140053e+08,Duration of an invocation in various states.,invocation_monitor_time,SUMMARY,13000000000,policy-warm-mz-lru,2019-11-09 15:21:25.995736439
1491,2327,28700,45294,88797,7.3095919e+07,,,,,,,,Statistics of scheduler evaluations,workflows_scheduler_eval_time,SUMMARY,13000000000,policy-warm-mz-lru,2019-11-09 15:21:28.995680776
1492,780,2.81420325e+08,4.71651094e+08,,2.12047830768e+11,queued,5.1743088e+07,5.2398054e+07,8.1336353e+07,1.52535361e+08,3.85398971e+08,4.90140053e+08,Duration of an invocation in various states.,invocation_monitor_time,SUMMARY,13000000000,policy-warm-mz-lru,2019-11-09 15:21:28.995680776
1493,16,3.259086278e+09,3.458514765e+09,,5.2300294575e+10,running,3.058715614e+09,3.058715614e+09,3.058715614e+09,3.159060112e+09,3.360030724e+09,3.459558825e+09,Duration of an invocation in various states.,invocation_monitor_time,SUMMARY,13000000000,policy-warm-mz-lru,2019-11-09 15:21:28.995680776
1494,2460,28700,45294,83960,7.7056142e+07,,,,,,,,Statistics of scheduler evaluations,workflows_scheduler_eval_time,SUMMARY,14000000000,policy-warm-mz-lru,2019-11-09 15:22:29.500210788
1495,825,2.83053499e+08,4.81586595e+08,,2.24343416099e+11,queued,5.2422606e+07,5.2480313e+07,8.3053146e+07,1.52572314e+08,3.8542576e+08,4.86871566e+08,Duration of an invocation in various states.,invocation_monitor_time,SUMMARY,14000000000,policy-warm-mz-lru,2019-11-09 15:22:29.500210788
1496,2505,28700,45294,83960,7.8314489e+07,,,,,,,,Statistics of scheduler evaluations,workflows_scheduler_eval_time,SUMMARY,14000000000,policy-warm-mz-lru,2019-11-09 15:22:32.500197303
1497,840,2.83014031e+08,4.52856083e+08,,2.28133613907e+11,queued,5.2422606e+07,5.2480313e+07,8.3043249e+07,1.52574052e+08,3.85413358e+08,4.86871566e+08,Duration of an invocation in various states.,invocation_monitor_time,SUMMARY,14000000000,policy-warm-mz-lru,2019-11-09 15:22:32.500197303
1498,15,3.258821974e+09,3.407348641e+09,,4.8842578254e+10,running,3.059489856e+09,3.059489856e+09,3.059489856e+09,3.060590321e+09,3.359524785e+09,3.460742698e+09,Duration of an invocation in various states.,invocation_monitor_time,SUMMARY,14000000000,policy-warm-mz-lru,2019-11-09 15:22:32.500197303
1499,2643,29057,45303,79244,8.2487365e+07,,,,,,,,Statistics of scheduler evaluations,workflows_scheduler_eval_time,SUMMARY,15000000000,policy-warm-mz-lru,2019-11-09 15:23:36.001822091
1500,886,2.83080006e+08,4.81586595e+08,,2.40953106671e+11,queued,5.2422606e+07,5.2481377e+07,8.3053146e+07,1.52582519e+08,3.85445523e+08,4.87868173e+08,Duration of an invocation in various states.,invocation_monitor_time,SUMMARY,15000000000,policy-warm-mz-lru,2019-11-09 15:23:36.001822091
1501,2687,29057,45303,79244,8.3649568e+07,,,,,,,,Statistics of scheduler evaluations,workflows_scheduler_eval_time,SUMMARY,15000000000,policy-warm-mz-lru,2019-11-09 15:23:39.001792431
1502,900,2.83053499e+08,4.52856083e+08,,2.44690596725e+11,queued,5.2422606e+07,5.2481377e+07,8.3053146e+07,1.52585288e+08,3.85431402e+08,4.87868173e+08,Duration of an invocation in various states.,invocation_monitor_time,SUMMARY,15000000000,policy-warm-mz-lru,2019-11-09 15:23:39.001792431
1503,16,3.259407639e+09,3.459397861e+09,,5.2297742876e+10,running,3.060147862e+09,3.060147862e+09,3.060147862e+09,3.158831476e+09,3.359385514e+09,3.459727981e+09,Duration of an invocation in various states.,invocation_monitor_time,SUMMARY,15000000000,policy-warm-mz-lru,2019-11-09 15:23:39.001792431
1504,2820,29057,45303,79244,8.7910812e+07,,,,,,,,Statistics of scheduler evaluations,workflows_scheduler_eval_time,SUMMARY,16000000000,policy-warm-mz-lru,2019-11-09 15:24:45.510174930
1505,945,2.83014031e+08,4.52856083e+08,,2.56998606221e+11,queued,5.2434716e+07,5.249049e+07,8.3033493e+07,1.52606071e+08,3.85431402e+08,4.87868173e+08,Duration of an invocation in various states.,invocation_monitor_time,SUMMARY,16000000000,policy-warm-mz-lru,2019-11-09 15:24:45.510174930
1506,2865,29057,45303,79244,8.9035032e+07,,,,,,,,Statistics of scheduler evaluations,workflows_scheduler_eval_time,SUMMARY,16000000000,policy-warm-mz-lru,2019-11-09 15:24:48.510129840
1507,960,2.83014031e+08,4.52862954e+08,,2.60788977795e+11,queued,5.2434716e+07,5.2528215e+07,8.3043249e+07,1.52620008e+08,3.85445523e+08,4.87868173e+08,Duration of an invocation in various states.,invocation_monitor_time,SUMMARY,16000000000,policy-warm-mz-lru,2019-11-09 15:24:48.510129840
1508,15,3.259163675e+09,3.397240363e+09,,4.8829653209e+10,running,3.059090556e+09,3.059090556e+09,3.059090556e+09,3.060169528e+09,3.359537621e+09,3.459919634e+09,Duration of an invocation in various states.,invocation_monitor_time,SUMMARY,16000000000,policy-warm-mz-lru,2019-11-09 15:24:48.510129840
1509,3003,26737,44416,79244,9.3300698e+07,,,,,,,,Statistics of scheduler evaluations,workflows_scheduler_eval_time,SUMMARY,17000000000,policy-warm-mz-lru,2019-11-09 15:25:57.918366234
1510,1006,2.83080006e+08,4.81900611e+08,,2.73643806271e+11,queued,5.2434716e+07,5.2528215e+07,8.3053146e+07,1.52625267e+08,3.85989584e+08,4.87868173e+08,Duration of an invocation in various states.,invocation_monitor_time,SUMMARY,17000000000,policy-warm-mz-lru,2019-11-09 15:25:57.918366234
1511,3047,26737,44416,79244,9.4480743e+07,,,,,,,,Statistics of scheduler evaluations,workflows_scheduler_eval_time,SUMMARY,17000000000,policy-warm-mz-lru,2019-11-09 15:26:00.918501825
1512,1020,2.83053499e+08,4.52968127e+08,,2.77382269215e+11,queued,5.2434716e+07,5.2528215e+07,8.3053146e+07,1.52629149e+08,3.85989584e+08,4.87868173e+08,Duration of an invocation in various states.,invocation_monitor_time,SUMMARY,17000000000,policy-warm-mz-lru,2019-11-09 15:26:00.918501825
1513,16,3.260102706e+09,3.460503036e+09,,5.2398349359e+10,running,3.059137318e+09,3.059137318e+09,3.059137318e+09,3.15928732e+09,3.360574358e+09,3.488450233e+09,Duration of an invocation in various states.,invocation_monitor_time,SUMMARY,17000000000,policy-warm-mz-lru,2019-11-09 15:26:00.918501825
1514,3060,26737,44416,79244,9.481323e+07,,,,,,,,Statistics of scheduler evaluations,workflows_scheduler_eval_time,SUMMARY,17000000000,policy-warm-mz-lru,2019-11-09 15:26:03.918390002
1515,1020,2.83053499e+08,4.52968127e+08,,2.77382269215e+11,queued,5.2434716e+07,5.2528215e+07,8.3053146e+07,1.52629149e+08,3.85989584e+08,4.87868173e+08,Duration of an invocation in various states.,invocation_monitor_time,SUMMARY,17000000000,policy-warm-mz-lru,2019-11-09 15:26:03.918390002
1516,30,3.260102706e+09,3.460490559e+09,,9.8231882055e+10,running,3.058981461e+09,3.058981461e+09,3.059137318e+09,3.15928732e+09,3.360574358e+09,3.488450233e+09,Duration of an invocation in various states.,invocation_monitor_time,SUMMARY,17000000000,policy-warm-mz-lru,2019-11-09 15:26:03.918390002
1517,3180,28038,46053,74971,9.8760845e+07,,,,,,,,Statistics of scheduler evaluations,workflows_scheduler_eval_time,SUMMARY,18000000000,policy-warm-mz-lru,2019-11-09 15:27:13.511158385
1518,1065,2.82967799e+08,4.52862954e+08,,2.89728432816e+11,queued,5.2434716e+07,5.252673e+07,8.3021932e+07,1.52641902e+08,3.86080073e+08,4.87868173e+08,Duration of an invocation in various states.,invocation_monitor_time,SUMMARY,18000000000,policy-warm-mz-lru,2019-11-09 15:27:13.511158385
1519,3225,28038,46053,74971,9.9944338e+07,,,,,,,,Statistics of scheduler evaluations,workflows_scheduler_eval_time,SUMMARY,18000000000,policy-warm-mz-lru,2019-11-09 15:27:16.511164732
1520,1080,2.82967799e+08,4.52885874e+08,,2.93520474698e+11,queued,5.2434716e+07,5.2534743e+07,8.3021932e+07,1.52671115e+08,3.86085787e+08,4.87868173e+08,Duration of an invocation in various states.,invocation_monitor_time,SUMMARY,18000000000,policy-warm-mz-lru,2019-11-09 15:27:16.511164732
1521,15,3.2588772e+09,3.394967023e+09,,4.882318682e+10,running,3.058374401e+09,3.058374401e+09,3.058374401e+09,3.059394727e+09,3.359357076e+09,3.459587992e+09,Duration of an invocation in various states.,invocation_monitor_time,SUMMARY,18000000000,policy-warm-mz-lru,2019-11-09 15:27:16.511164732
1522,3363,28038,46053,75732,1.04766557e+08,,,,,,,,Statistics of scheduler evaluations,workflows_scheduler_eval_time,SUMMARY,19000000000,policy-warm-mz-lru,2019-11-09 15:28:31.915369123
1523,1126,2.85188135e+08,4.52968127e+08,,3.06478059495e+11,queued,5.252673e+07,5.2534743e+07,8.5236442e+07,1.52687017e+08,3.86138566e+08,4.8947044e+08,Duration of an invocation in various states.,invocation_monitor_time,SUMMARY,19000000000,policy-warm-mz-lru,2019-11-09 15:28:31.915369123
1524,3407,28038,46053,75732,1.06048622e+08,,,,,,,,Statistics of scheduler evaluations,workflows_scheduler_eval_time,SUMMARY,19000000000,policy-warm-mz-lru,2019-11-09 15:28:34.915347304
1525,1140,2.85178332e+08,4.52938435e+08,,3.10217082669e+11,queued,5.252673e+07,5.2534743e+07,8.5181878e+07,1.52693216e+08,3.8609955e+08,4.8947044e+08,Duration of an invocation in various states.,invocation_monitor_time,SUMMARY,19000000000,policy-warm-mz-lru,2019-11-09 15:28:34.915347304
1526,16,3.25943149e+09,3.459044861e+09,,5.2379034053e+10,running,3.058686725e+09,3.058686725e+09,3.058686725e+09,3.159082228e+09,3.359650739e+09,3.491188456e+09,Duration of an invocation in various states.,invocation_monitor_time,SUMMARY,19000000000,policy-warm-mz-lru,2019-11-09 15:28:34.915347304
1527,3420,28038,46053,75732,1.0642025e+08,,,,,,,,Statistics of scheduler evaluations,workflows_scheduler_eval_time,SUMMARY,19000000000,policy-warm-mz-lru,2019-11-09 15:28:37.915339779
1528,1140,2.85178332e+08,4.52938435e+08,,3.10217082669e+11,queued,5.252673e+07,5.2534743e+07,8.5181878e+07,1.52693216e+08,3.8609955e+08,4.8947044e+08,Duration of an invocation in various states.,invocation_monitor_time,SUMMARY,19000000000,policy-warm-mz-lru,2019-11-09 15:28:37.915339779
1529,30,3.25943149e+09,3.459354111e+09,,9.8208992454e+10,running,3.058046456e+09,3.058046456e+09,3.058706234e+09,3.159082228e+09,3.359650739e+09,3.491188456e+09,Duration of an invocation in various states.,invocation_monitor_time,SUMMARY,19000000000,policy-warm-mz-lru,2019-11-09 15:28:37.915339779
1530,3540,27887,46266,77587,1.10433138e+08,,,,,,,,Statistics of scheduler evaluations,workflows_scheduler_eval_time,SUMMARY,20000000000,policy-warm-mz-lru,2019-11-09 15:29:53.519387041
1531,1185,2.85223709e+08,4.81900611e+08,,3.22562307631e+11,queued,5.252673e+07,5.2534743e+07,8.5237655e+07,1.52709015e+08,3.87308599e+08,4.8947044e+08,Duration of an invocation in various states.,invocation_monitor_time,SUMMARY,20000000000,policy-warm-mz-lru,2019-11-09 15:29:53.519387041
1532,3585,27887,46266,80330,1.11841342e+08,,,,,,,,Statistics of scheduler evaluations,workflows_scheduler_eval_time,SUMMARY,20000000000,policy-warm-mz-lru,2019-11-09 15:29:56.519387087
1533,1200,2.85223709e+08,4.81900611e+08,,3.26355747802e+11,queued,5.252673e+07,5.2575336e+07,8.5237655e+07,1.52737465e+08,3.87309541e+08,4.8947044e+08,Duration of an invocation in various states.,invocation_monitor_time,SUMMARY,20000000000,policy-warm-mz-lru,2019-11-09 15:29:56.519387087
1534,15,3.259930019e+09,3.387787709e+09,,4.8822503528e+10,running,3.058833799e+09,3.058833799e+09,3.058833799e+09,3.06026422e+09,3.359484757e+09,3.459698593e+09,Duration of an invocation in various states.,invocation_monitor_time,SUMMARY,20000000000,policy-warm-mz-lru,2019-11-09 15:29:56.519387087
